0 0.823438 0.897917 0.821875 0.897917 0.820312 0.900000 0.818750 0.900000 0.818750 0.908333 0.820312 0.908333 0.821875 0.910417 0.823438 0.908333 0.825000 0.908333 0.826562 0.906250 0.826562 0.900000 0.825000 0.900000
0 0.820312 0.833333 0.818750 0.835417 0.817187 0.835417 0.817187 0.837500 0.815625 0.839583 0.815625 0.843750 0.814063 0.845833 0.814063 0.852083 0.817187 0.856250 0.817187 0.858333 0.818750 0.858333 0.820312 0.860417 0.817187 0.864583 0.815625 0.864583 0.815625 0.868750 0.817187 0.870833 0.817187 0.872917 0.818750 0.872917 0.821875 0.877083 0.820312 0.879167 0.818750 0.879167 0.818750 0.883333 0.820312 0.883333 0.821875 0.885417 0.823438 0.885417 0.825000 0.883333 0.826562 0.883333 0.826562 0.879167 0.825000 0.879167 0.823438 0.877083 0.823438 0.875000 0.825000 0.872917 0.826562 0.872917 0.826562 0.868750 0.823438 0.864583 0.821875 0.864583 0.820312 0.862500 0.820312 0.860417 0.821875 0.858333 0.823438 0.858333 0.823438 0.850000 0.821875 0.847917 0.821875 0.845833 0.823438 0.843750 0.823438 0.835417 0.821875 0.835417
0 0.823438 0.802083 0.821875 0.804167 0.820312 0.804167 0.820312 0.822917 0.821875 0.822917 0.823438 0.825000 0.825000 0.822917 0.826562 0.822917 0.826562 0.804167 0.825000 0.804167
0 0.817187 0.770833 0.815625 0.772917 0.814063 0.772917 0.812500 0.775000 0.812500 0.779167 0.814063 0.781250 0.815625 0.781250 0.817187 0.783333 0.818750 0.781250 0.820312 0.781250 0.821875 0.779167 0.821875 0.775000 0.820312 0.772917 0.818750 0.772917
0 0.815625 0.747917 0.814063 0.750000 0.812500 0.750000 0.812500 0.758333 0.814063 0.760417 0.815625 0.760417 0.817187 0.762500 0.818750 0.760417 0.820312 0.760417 0.820312 0.758333 0.821875 0.756250 0.821875 0.752083 0.820312 0.750000 0.818750 0.750000 0.817187 0.747917
0 0.810937 0.718750 0.809375 0.720833 0.807813 0.720833 0.807813 0.725000 0.809375 0.727083 0.809375 0.729167 0.810937 0.729167 0.812500 0.731250 0.812500 0.737500 0.814063 0.739583 0.815625 0.739583 0.817187 0.741667 0.818750 0.739583 0.820312 0.739583 0.821875 0.737500 0.821875 0.733333 0.820312 0.733333 0.818750 0.731250 0.817187 0.731250 0.815625 0.729167 0.815625 0.725000 0.814063 0.722917 0.814063 0.720833 0.812500 0.720833
0 0.812500 0.681250 0.810937 0.683333 0.809375 0.683333 0.809375 0.687500 0.807813 0.689583 0.807813 0.697917 0.809375 0.697917 0.810937 0.700000 0.812500 0.697917 0.814063 0.697917 0.814063 0.689583 0.815625 0.687500 0.815625 0.683333 0.814063 0.683333
0 0.814063 0.664583 0.812500 0.666667 0.810937 0.666667 0.810937 0.670833 0.812500 0.670833 0.814063 0.672917 0.815625 0.670833 0.817187 0.670833 0.817187 0.666667 0.815625 0.666667
0 0.807813 0.618750 0.807813 0.622917 0.809375 0.622917 0.810937 0.625000 0.810937 0.629167 0.812500 0.631250 0.814063 0.631250 0.815625 0.633333 0.817187 0.631250 0.818750 0.631250 0.818750 0.627083 0.817187 0.625000 0.815625 0.625000 0.814063 0.622917 0.814063 0.618750 0.812500 0.618750 0.810937 0.616667 0.809375 0.618750
0 0.807813 0.577083 0.806250 0.579167 0.804688 0.579167 0.804688 0.583333 0.806250 0.583333 0.807813 0.585417 0.809375 0.583333 0.810937 0.583333 0.810937 0.579167 0.809375 0.579167
0 0.812500 0.539583 0.810937 0.541667 0.809375 0.541667 0.809375 0.545833 0.807813 0.547917 0.806250 0.547917 0.806250 0.560417 0.807813 0.560417 0.809375 0.562500 0.810937 0.560417 0.812500 0.560417 0.812500 0.550000 0.814063 0.547917 0.815625 0.547917 0.815625 0.541667 0.814063 0.541667
0 0.807813 0.497917 0.806250 0.500000 0.804688 0.500000 0.804688 0.504167 0.806250 0.504167 0.807813 0.506250 0.809375 0.504167 0.810937 0.504167 0.810937 0.500000 0.809375 0.500000
0 0.803125 0.447917 0.801562 0.450000 0.800000 0.450000 0.800000 0.454167 0.801562 0.454167 0.803125 0.456250 0.804688 0.454167 0.806250 0.454167 0.806250 0.450000 0.804688 0.450000
0 0.792188 0.356250 0.790625 0.358333 0.789062 0.358333 0.789062 0.364583 0.790625 0.364583 0.792188 0.366667 0.792188 0.372917 0.793750 0.372917 0.795312 0.375000 0.796875 0.372917 0.798438 0.372917 0.798438 0.366667 0.796875 0.366667 0.795312 0.364583 0.795312 0.358333 0.793750 0.358333
0 0.785937 0.331250 0.784375 0.333333 0.782813 0.333333 0.782813 0.343750 0.784375 0.343750 0.785937 0.345833 0.785937 0.350000 0.787500 0.350000 0.789062 0.352083 0.790625 0.350000 0.792188 0.350000 0.792188 0.343750 0.790625 0.343750 0.789062 0.341667 0.789062 0.333333 0.787500 0.333333
0 0.732812 0.239583 0.731250 0.241667 0.729688 0.241667 0.729688 0.245833 0.731250 0.245833 0.732812 0.247917 0.734375 0.245833 0.735938 0.245833 0.735938 0.241667 0.734375 0.241667
0 0.729688 0.218750 0.728125 0.220833 0.726562 0.220833 0.726562 0.225000 0.728125 0.225000 0.729688 0.227083 0.731250 0.225000 0.732812 0.225000 0.732812 0.220833 0.731250 0.220833
0 0.693750 0.150000 0.692187 0.152083 0.690625 0.152083 0.690625 0.158333 0.692187 0.158333 0.693750 0.160417 0.692187 0.162500 0.690625 0.162500 0.690625 0.166667 0.692187 0.168750 0.692187 0.170833 0.693750 0.170833 0.696875 0.175000 0.696875 0.179167 0.698438 0.181250 0.698438 0.185417 0.700000 0.185417 0.701562 0.187500 0.703125 0.185417 0.704688 0.185417 0.704688 0.179167 0.703125 0.177083 0.703125 0.175000 0.701562 0.175000 0.698438 0.170833 0.698438 0.164583 0.695312 0.160417 0.696875 0.158333 0.698438 0.158333 0.698438 0.154167 0.696875 0.152083 0.695312 0.152083
0 0.690625 0.118750 0.689063 0.120833 0.687500 0.120833 0.687500 0.125000 0.689063 0.125000 0.690625 0.127083 0.692187 0.125000 0.693750 0.125000 0.693750 0.120833 0.692187 0.120833
0 0.675000 0.041667 0.673438 0.043750 0.671875 0.043750 0.671875 0.047917 0.673438 0.047917 0.675000 0.050000 0.676562 0.047917 0.678125 0.047917 0.678125 0.043750 0.676562 0.043750