0 0.971875 0.783333 0.970313 0.785417 0.968750 0.785417 0.968750 0.789583 0.970313 0.789583 0.971875 0.791667 0.973437 0.789583 0.975000 0.789583 0.975000 0.785417 0.973437 0.785417
0 0.129688 0.733333 0.128125 0.735417 0.126562 0.735417 0.126562 0.739583 0.128125 0.739583 0.129688 0.741667 0.131250 0.739583 0.132812 0.739583 0.132812 0.735417 0.131250 0.735417
0 0.160938 0.733333 0.160938 0.737500 0.162500 0.737500 0.164062 0.739583 0.165625 0.737500 0.167187 0.739583 0.167187 0.741667 0.168750 0.741667 0.170313 0.743750 0.171875 0.743750 0.173437 0.741667 0.175000 0.741667 0.175000 0.737500 0.173437 0.737500 0.171875 0.735417 0.171875 0.733333 0.170313 0.733333 0.168750 0.731250 0.167187 0.733333 0.165625 0.733333 0.164062 0.731250 0.162500 0.733333
0 0.110937 0.733333 0.110937 0.737500 0.112500 0.737500 0.114062 0.739583 0.115625 0.739583 0.117188 0.737500 0.118750 0.737500 0.118750 0.733333 0.117188 0.733333 0.115625 0.731250 0.114062 0.731250 0.112500 0.733333
0 0.948438 0.700000 0.948438 0.706250 0.950000 0.708333 0.951562 0.708333 0.956250 0.714583 0.957812 0.714583 0.960938 0.718750 0.962500 0.718750 0.965625 0.722917 0.967187 0.722917 0.968750 0.725000 0.970313 0.722917 0.971875 0.722917 0.971875 0.718750 0.967187 0.712500 0.965625 0.712500 0.964063 0.710417 0.962500 0.710417 0.954688 0.700000 0.953125 0.700000 0.951562 0.697917 0.950000 0.700000
0 0.267188 0.691667 0.267188 0.695833 0.268750 0.697917 0.270313 0.697917 0.271875 0.700000 0.273438 0.700000 0.275000 0.697917 0.276562 0.697917 0.276562 0.693750 0.275000 0.691667 0.273438 0.691667 0.271875 0.689583 0.270313 0.689583 0.268750 0.691667
0 0.285938 0.683333 0.285938 0.687500 0.287500 0.687500 0.289062 0.689583 0.292187 0.689583 0.293750 0.687500 0.295312 0.687500 0.295312 0.683333 0.293750 0.683333 0.292187 0.681250 0.289062 0.681250 0.287500 0.683333
0 0.940625 0.664583 0.939063 0.666667 0.937500 0.666667 0.937500 0.670833 0.939063 0.672917 0.940625 0.672917 0.942187 0.675000 0.943750 0.672917 0.945312 0.672917 0.945312 0.666667 0.943750 0.666667 0.942187 0.664583
0 0.309375 0.650000 0.309375 0.654167 0.310937 0.654167 0.312500 0.656250 0.314063 0.656250 0.315625 0.658333 0.317188 0.658333 0.318750 0.656250 0.320312 0.656250 0.320312 0.650000 0.318750 0.650000 0.317188 0.647917 0.312500 0.647917 0.310937 0.650000
0 0.345313 0.635417 0.343750 0.633333 0.342187 0.633333 0.340625 0.631250 0.339062 0.631250 0.337500 0.633333 0.332813 0.633333 0.331250 0.635417 0.329688 0.635417 0.329688 0.639583 0.331250 0.639583 0.332813 0.641667 0.342187 0.641667 0.343750 0.639583 0.345313 0.639583
0 0.887500 0.629167 0.885938 0.631250 0.884375 0.631250 0.884375 0.637500 0.885938 0.637500 0.887500 0.639583 0.889062 0.637500 0.890625 0.637500 0.890625 0.631250 0.889062 0.631250
0 0.381250 0.627083 0.381250 0.631250 0.382812 0.631250 0.384375 0.633333 0.385937 0.633333 0.387500 0.631250 0.389062 0.631250 0.389062 0.627083 0.387500 0.627083 0.385937 0.625000 0.384375 0.625000 0.382812 0.627083
0 0.364063 0.625000 0.362500 0.627083 0.360938 0.627083 0.360938 0.631250 0.362500 0.631250 0.364063 0.633333 0.365625 0.631250 0.367188 0.631250 0.367188 0.627083 0.365625 0.627083
0 0.876563 0.625000 0.875000 0.625000 0.873437 0.622917 0.871875 0.622917 0.870313 0.625000 0.868750 0.625000 0.867188 0.627083 0.864062 0.627083 0.862500 0.629167 0.860938 0.629167 0.860938 0.631250 0.859375 0.633333 0.859375 0.639583 0.860938 0.639583 0.862500 0.641667 0.864062 0.641667 0.865625 0.639583 0.867188 0.639583 0.868750 0.637500 0.868750 0.635417 0.871875 0.631250 0.873437 0.631250 0.875000 0.629167 0.876563 0.629167
0 0.395313 0.618750 0.393750 0.620833 0.392188 0.620833 0.392188 0.627083 0.393750 0.627083 0.395313 0.629167 0.396875 0.627083 0.398438 0.627083 0.398438 0.620833 0.396875 0.620833
0 0.435937 0.593750 0.435937 0.597917 0.437500 0.597917 0.439063 0.600000 0.440625 0.600000 0.442188 0.597917 0.443750 0.597917 0.443750 0.593750 0.442188 0.593750 0.440625 0.591667 0.439063 0.591667 0.437500 0.593750
0 0.467187 0.575000 0.465625 0.577083 0.464062 0.577083 0.464062 0.583333 0.465625 0.583333 0.467187 0.585417 0.468750 0.585417 0.470313 0.583333 0.471875 0.583333 0.471875 0.579167 0.470313 0.577083 0.468750 0.577083
0 0.504687 0.560417 0.504687 0.564583 0.506250 0.564583 0.507812 0.566667 0.514062 0.566667 0.515625 0.568750 0.517188 0.566667 0.518750 0.566667 0.518750 0.560417 0.517188 0.560417 0.515625 0.558333 0.507812 0.558333 0.506250 0.560417
0 0.479687 0.560417 0.479687 0.564583 0.481250 0.564583 0.482812 0.566667 0.484375 0.566667 0.485938 0.564583 0.487500 0.564583 0.487500 0.560417 0.485938 0.560417 0.484375 0.558333 0.482812 0.558333 0.481250 0.560417