0 0.371875 0.981250 0.370312 0.983333 0.368750 0.983333 0.368750 0.987500 0.370312 0.987500 0.371875 0.989583 0.373437 0.987500 0.375000 0.987500 0.375000 0.983333 0.373437 0.983333
0 0.264062 0.985417 0.264062 0.989583 0.265625 0.991667 0.267188 0.991667 0.268750 0.993750 0.270313 0.993750 0.271875 0.995833 0.273438 0.995833 0.275000 0.997917 0.276562 0.995833 0.278125 0.995833 0.278125 0.991667 0.279687 0.989583 0.281250 0.989583 0.282813 0.991667 0.298438 0.991667 0.300000 0.989583 0.301563 0.989583 0.301563 0.983333 0.300000 0.983333 0.298438 0.981250 0.295312 0.981250 0.293750 0.983333 0.292187 0.983333 0.290625 0.981250 0.281250 0.981250 0.279687 0.983333 0.278125 0.983333 0.278125 0.987500 0.279687 0.989583 0.278125 0.991667 0.276562 0.991667 0.275000 0.989583 0.275000 0.985417 0.273438 0.985417 0.271875 0.983333 0.267188 0.983333 0.265625 0.985417
0 0.390625 0.977083 0.390625 0.981250 0.392188 0.981250 0.393750 0.983333 0.396875 0.983333 0.398438 0.981250 0.400000 0.981250 0.400000 0.977083 0.398438 0.977083 0.396875 0.975000 0.393750 0.975000 0.392188 0.977083
0 0.389062 0.966667 0.387500 0.966667 0.385937 0.964583 0.384375 0.966667 0.382812 0.966667 0.382812 0.970833 0.381250 0.972917 0.378125 0.972917 0.376563 0.975000 0.375000 0.975000 0.375000 0.979167 0.376563 0.979167 0.378125 0.981250 0.381250 0.981250 0.382812 0.983333 0.384375 0.981250 0.385937 0.981250 0.385937 0.972917 0.387500 0.970833 0.389062 0.970833
0 0.406250 0.962500 0.404687 0.964583 0.403125 0.964583 0.403125 0.968750 0.404687 0.968750 0.406250 0.970833 0.407813 0.968750 0.409375 0.968750 0.409375 0.964583 0.407813 0.964583
0 0.550000 0.964583 0.548438 0.964583 0.540625 0.958333 0.539062 0.960417 0.537500 0.958333 0.528125 0.958333 0.526563 0.960417 0.517188 0.960417 0.515625 0.958333 0.509375 0.958333 0.504687 0.962500 0.500000 0.958333 0.498437 0.960417 0.496875 0.958333 0.492188 0.958333 0.490625 0.960417 0.482812 0.960417 0.478125 0.964583 0.476562 0.964583 0.475000 0.962500 0.473438 0.964583 0.462500 0.964583 0.460938 0.966667 0.457813 0.966667 0.453125 0.962500 0.450000 0.962500 0.448437 0.964583 0.445312 0.964583 0.443750 0.962500 0.442188 0.964583 0.435937 0.964583 0.434375 0.966667 0.432812 0.964583 0.431250 0.966667 0.428125 0.966667 0.426563 0.968750 0.425000 0.968750 0.425000 0.972917 0.426563 0.972917 0.428125 0.975000 0.434375 0.975000 0.435937 0.972917 0.439063 0.977083 0.439063 0.981250 0.440625 0.981250 0.442188 0.983333 0.443750 0.981250 0.445312 0.981250 0.445312 0.975000 0.446875 0.972917 0.453125 0.972917 0.454688 0.975000 0.457813 0.975000 0.459375 0.977083 0.464062 0.977083 0.465625 0.975000 0.468750 0.975000 0.470313 0.972917 0.471875 0.972917 0.473438 0.975000 0.479687 0.975000 0.481250 0.972917 0.485938 0.972917 0.490625 0.968750 0.493750 0.968750 0.495312 0.966667 0.496875 0.966667 0.500000 0.970833 0.500000 0.975000 0.501563 0.975000 0.503125 0.977083 0.504687 0.975000 0.506250 0.975000 0.506250 0.970833 0.507812 0.968750 0.509375 0.970833 0.515625 0.970833 0.517188 0.972917 0.517188 0.975000 0.521875 0.977083 0.523438 0.975000 0.525000 0.975000 0.525000 0.970833 0.526563 0.968750 0.545312 0.968750 0.546875 0.970833 0.548438 0.968750 0.550000 0.968750
0 0.601562 0.950000 0.600000 0.947917 0.598437 0.947917 0.596875 0.945833 0.595313 0.945833 0.593750 0.947917 0.592187 0.947917 0.590625 0.950000 0.589063 0.947917 0.584375 0.947917 0.582812 0.950000 0.581250 0.950000 0.581250 0.956250 0.579688 0.958333 0.578125 0.956250 0.578125 0.952083 0.576562 0.952083 0.575000 0.950000 0.567187 0.950000 0.565625 0.947917 0.564063 0.950000 0.562500 0.950000 0.560937 0.952083 0.560937 0.956250 0.562500 0.958333 0.564063 0.958333 0.565625 0.960417 0.573438 0.960417 0.575000 0.958333 0.576562 0.958333 0.578125 0.960417 0.578125 0.962500 0.579688 0.962500 0.581250 0.964583 0.582812 0.962500 0.584375 0.962500 0.584375 0.960417 0.585938 0.958333 0.587500 0.958333 0.589063 0.956250 0.590625 0.956250 0.592187 0.954167 0.593750 0.956250 0.598437 0.956250 0.600000 0.954167 0.601562 0.954167
0 0.832812 0.935417 0.831250 0.937500 0.829688 0.937500 0.829688 0.941667 0.831250 0.941667 0.832812 0.943750 0.834375 0.941667 0.835938 0.941667 0.835938 0.937500 0.834375 0.937500
0 0.659375 0.935417 0.657813 0.935417 0.656250 0.933333 0.654687 0.935417 0.653125 0.933333 0.651563 0.935417 0.650000 0.935417 0.648438 0.937500 0.646875 0.937500 0.645312 0.935417 0.640625 0.935417 0.639062 0.937500 0.637500 0.937500 0.637500 0.941667 0.639062 0.941667 0.640625 0.943750 0.645312 0.943750 0.646875 0.941667 0.648438 0.941667 0.650000 0.939583 0.651563 0.939583 0.653125 0.941667 0.654687 0.939583 0.656250 0.941667 0.657813 0.939583 0.659375 0.939583
0 0.712500 0.933333 0.712500 0.937500 0.714063 0.939583 0.715625 0.939583 0.717187 0.941667 0.718750 0.941667 0.720313 0.939583 0.725000 0.939583 0.726562 0.941667 0.732812 0.941667 0.734375 0.939583 0.735938 0.941667 0.739062 0.941667 0.740625 0.939583 0.742188 0.939583 0.743750 0.941667 0.746875 0.941667 0.748437 0.939583 0.750000 0.941667 0.753125 0.941667 0.754687 0.943750 0.756250 0.941667 0.757812 0.941667 0.760938 0.937500 0.762500 0.939583 0.764062 0.937500 0.765625 0.937500 0.765625 0.933333 0.764062 0.933333 0.762500 0.931250 0.760938 0.933333 0.759375 0.931250 0.757812 0.933333 0.753125 0.933333 0.751563 0.931250 0.750000 0.933333 0.748437 0.931250 0.746875 0.933333 0.745313 0.933333 0.743750 0.931250 0.740625 0.931250 0.739062 0.933333 0.737500 0.933333 0.735938 0.931250 0.725000 0.931250 0.723437 0.933333 0.721875 0.933333 0.720313 0.935417 0.718750 0.933333 0.717187 0.933333 0.715625 0.931250 0.714063 0.933333
0 0.673438 0.943750 0.675000 0.943750 0.676562 0.945833 0.678125 0.945833 0.679688 0.943750 0.681250 0.943750 0.681250 0.941667 0.682813 0.939583 0.684375 0.941667 0.689063 0.941667 0.690625 0.939583 0.692187 0.939583 0.692187 0.933333 0.690625 0.933333 0.689063 0.931250 0.684375 0.931250 0.682813 0.929167 0.678125 0.929167 0.676562 0.931250 0.675000 0.931250 0.675000 0.935417 0.676562 0.937500 0.675000 0.939583 0.673438 0.939583
0 0.789062 0.929167 0.789062 0.935417 0.790625 0.935417 0.792188 0.937500 0.793750 0.935417 0.795312 0.935417 0.796875 0.937500 0.798438 0.935417 0.803125 0.935417 0.804688 0.937500 0.806250 0.935417 0.807813 0.935417 0.807813 0.931250 0.806250 0.931250 0.804688 0.929167 0.801562 0.929167 0.800000 0.927083 0.798438 0.929167 0.793750 0.929167 0.792188 0.927083 0.790625 0.929167
0 0.778125 0.927083 0.776563 0.929167 0.775000 0.929167 0.775000 0.933333 0.776563 0.933333 0.778125 0.935417 0.779687 0.933333 0.781250 0.933333 0.781250 0.929167 0.779687 0.929167
0 0.940625 0.927083 0.939063 0.927083 0.937500 0.925000 0.935937 0.925000 0.934375 0.927083 0.932813 0.927083 0.931250 0.929167 0.926562 0.929167 0.925000 0.931250 0.923438 0.929167 0.920312 0.929167 0.918750 0.927083 0.917188 0.929167 0.915625 0.927083 0.914062 0.929167 0.912500 0.929167 0.912500 0.933333 0.914062 0.935417 0.915625 0.935417 0.917188 0.937500 0.918750 0.937500 0.920312 0.935417 0.921875 0.937500 0.923438 0.937500 0.925000 0.935417 0.926562 0.937500 0.929688 0.937500 0.931250 0.935417 0.932813 0.935417 0.934375 0.937500 0.935937 0.937500 0.937500 0.935417 0.939063 0.935417 0.940625 0.933333
0 0.904687 0.929167 0.903125 0.927083 0.901563 0.927083 0.900000 0.925000 0.898438 0.927083 0.890625 0.927083 0.889062 0.929167 0.887500 0.929167 0.885938 0.927083 0.879687 0.927083 0.878125 0.929167 0.876563 0.929167 0.875000 0.931250 0.870313 0.931250 0.868750 0.933333 0.865625 0.933333 0.864062 0.931250 0.862500 0.931250 0.860938 0.933333 0.857812 0.933333 0.856250 0.931250 0.854688 0.931250 0.853125 0.929167 0.851562 0.931250 0.850000 0.931250 0.848437 0.933333 0.846875 0.931250 0.842187 0.931250 0.840625 0.933333 0.839063 0.933333 0.839063 0.939583 0.840625 0.939583 0.842187 0.941667 0.843750 0.941667 0.845313 0.939583 0.846875 0.941667 0.848437 0.939583 0.850000 0.939583 0.851562 0.937500 0.853125 0.939583 0.857812 0.939583 0.859375 0.941667 0.864062 0.941667 0.865625 0.939583 0.870313 0.939583 0.871875 0.941667 0.873437 0.941667 0.875000 0.939583 0.879687 0.939583 0.881250 0.937500 0.887500 0.937500 0.889062 0.935417 0.901563 0.935417 0.903125 0.933333 0.904687 0.933333
0 0.968750 0.925000 0.968750 0.929167 0.970313 0.929167 0.971875 0.931250 0.973437 0.929167 0.975000 0.929167 0.976562 0.931250 0.981250 0.931250 0.982812 0.929167 0.984375 0.929167 0.984375 0.925000 0.982812 0.925000 0.981250 0.922917 0.976562 0.922917 0.975000 0.925000 0.973437 0.925000 0.971875 0.922917 0.970313 0.925000
0 0.990625 0.920833 0.989062 0.922917 0.987500 0.922917 0.987500 0.927083 0.989062 0.927083 0.990625 0.929167 0.992188 0.927083 0.993750 0.927083 0.993750 0.922917 0.992188 0.922917
0 0.956250 0.922917 0.956250 0.927083 0.957812 0.927083 0.959375 0.929167 0.960938 0.929167 0.962500 0.927083 0.964063 0.927083 0.964063 0.922917 0.962500 0.922917 0.960938 0.920833 0.959375 0.920833 0.957812 0.922917