0 0.089283 0.155035 0.103686 0.166881 0.123890 0.192824 0.136795 0.223577 0.136009 0.251229 0.136661 0.265703 0.114330 0.274105 0.100205 0.305128 0.095005 0.337661 0.089880 0.365836 0.094799 0.366730 0.099934 0.338498 0.104994 0.306565 0.117984 0.277517 0.140357 0.269070 0.141009 0.251311 0.141689 0.222556 0.128211 0.190308 0.107375 0.163506 0.092464 0.151178
0 0.193909 0.169012 0.195459 0.191637 0.183885 0.208032 0.160883 0.209694 0.127340 0.189424 0.124761 0.193708 0.159373 0.214461 0.186206 0.212461 0.200281 0.192960 0.198899 0.168700
0 0.203129 0.173138 0.234420 0.166750 0.276089 0.140949 0.307589 0.161649 0.338849 0.166593 0.366658 0.164020 0.366194 0.159042 0.339039 0.161597 0.309473 0.157017 0.275749 0.135961 0.232407 0.162173 0.202138 0.168238
0 0.157716 0.212733 0.165916 0.242786 0.184757 0.271671 0.173022 0.313027 0.179264 0.366574 0.184230 0.365992 0.178014 0.313317 0.189731 0.271161 0.170463 0.240708 0.162541 0.211422
0 0.188740 0.273419 0.220214 0.249857 0.275267 0.231497 0.297886 0.208255 0.333484 0.190130 0.331213 0.185676 0.294991 0.204179 0.272907 0.227089 0.218032 0.245358 0.185748 0.269413
0 0.272959 0.231524 0.305123 0.247717 0.332443 0.279726 0.339012 0.300108 0.334614 0.330661 0.336818 0.359515 0.341803 0.359132 0.339610 0.330846 0.344006 0.299864 0.336651 0.277024 0.308274 0.243835 0.275214 0.227062
0 0.002000 0.313573 0.011999 0.300234 0.028339 0.272340 0.035842 0.240030 0.030486 0.217360 0.065072 0.205719 0.086982 0.204318 0.111293 0.203142 0.127329 0.193714 0.124772 0.189418 0.110028 0.198304 0.086704 0.199326 0.063910 0.200855 0.026677 0.214121 0.030847 0.239800 0.023693 0.270492 0.007788 0.297539 0.000000 0.310573
0 0.215788 0.077266 0.197251 0.114662 0.168973 0.121765 0.143876 0.129515 0.089956 0.150781 0.091791 0.155432 0.145600 0.134209 0.170337 0.126575 0.200688 0.118294 0.220259 0.079503
0 0.358623 0.080106 0.342360 0.109800 0.343834 0.160681 0.314423 0.163091 0.301156 0.152584 0.298122 0.156559 0.313642 0.168029 0.348202 0.163113 0.347278 0.110703 0.362999 0.082524
0 0.345567 0.164356 0.389135 0.172302 0.398363 0.182630 0.397620 0.210562 0.382707 0.229108 0.395412 0.250824 0.423202 0.271521 0.442362 0.288557 0.434339 0.312987 0.428313 0.349392 0.433246 0.350208 0.439216 0.314089 0.447185 0.287240 0.426363 0.267647 0.398978 0.247320 0.387694 0.229478 0.402368 0.212129 0.403223 0.181456 0.390861 0.167609 0.346469 0.159438
0 0.391030 0.172232 0.428882 0.155072 0.464461 0.143836 0.505118 0.139565 0.522413 0.112076 0.514437 0.082595 0.526202 0.057833 0.521673 0.055715 0.509450 0.082232 0.517466 0.111356 0.502776 0.135147 0.463469 0.138935 0.427080 0.150408 0.388966 0.167678
0 0.463302 0.143796 0.498731 0.153458 0.498777 0.160360 0.477710 0.175820 0.476828 0.207123 0.505281 0.248541 0.533589 0.270818 0.536677 0.266885 0.509009 0.245209 0.481488 0.205312 0.482205 0.178010 0.502720 0.163434 0.501166 0.149091 0.464627 0.138975
0 0.478916 0.179188 0.503157 0.190275 0.522977 0.193874 0.546238 0.208061 0.561629 0.229195 0.561432 0.242599 0.557451 0.268100 0.562392 0.268871 0.566407 0.243093 0.566211 0.227194 0.549616 0.204374 0.524899 0.189258 0.504737 0.185531 0.480999 0.174642
0 0.507778 0.249293 0.535614 0.242002 0.563951 0.238244 0.587630 0.223680 0.631889 0.223735 0.631889 0.218735 0.586588 0.218790 0.562289 0.233528 0.534651 0.237096 0.506512 0.244456
0 0.298191 0.278582 0.336694 0.305694 0.328438 0.326349 0.318425 0.361570 0.323234 0.362937 0.333212 0.327833 0.340949 0.303068 0.301087 0.274506
0 0.605423 0.275417 0.609877 0.305852 0.632065 0.310538 0.663684 0.303211 0.678452 0.313767 0.681283 0.309646 0.664065 0.298226 0.631713 0.305550 0.613919 0.302910 0.610377 0.274741
0 0.682130 0.093693 0.689849 0.092960 0.697078 0.092236 0.703991 0.092220 0.711042 0.093997 0.718807 0.095895 0.726649 0.095150 0.734176 0.094022 0.741718 0.092144 0.747099 0.090345 0.754199 0.089290 0.761546 0.088557 0.768953 0.087450 0.776299 0.086351 0.783524 0.085268 0.789507 0.084651 0.791357 0.089087 0.794296 0.094581 0.797297 0.100185 0.800943 0.105634 0.804573 0.112881 0.808581 0.120143 0.812596 0.129246 0.816987 0.138365 0.820664 0.147531 0.824447 0.155074 0.827146 0.158938 0.831238 0.156065 0.828794 0.152604 0.825231 0.145495 0.821562 0.136347 0.817137 0.127152 0.813071 0.117941 0.808997 0.110552 0.805281 0.103148 0.801581 0.097607 0.798704 0.092223 0.795766 0.086729 0.791738 0.080176 0.783028 0.080292 0.775560 0.081406 0.768213 0.082505 0.760927 0.083596 0.753581 0.084328 0.745988 0.085470 0.740348 0.087335 0.733198 0.089119 0.726031 0.090189 0.719180 0.090909 0.712252 0.089145 0.704610 0.087259 0.696829 0.087242 0.689365 0.087984 0.681657 0.088716
0 0.744065 0.088239 0.744800 0.093734 0.745525 0.099146 0.745881 0.104307 0.745211 0.109315 0.743438 0.114587 0.741679 0.119877 0.738891 0.125079 0.735282 0.130472 0.731609 0.135967 0.735765 0.138746 0.739438 0.133251 0.743176 0.127657 0.746265 0.121870 0.748180 0.116172 0.750080 0.110455 0.750879 0.104474 0.750500 0.098647 0.749756 0.093071 0.749021 0.087577
0 0.943135 0.207011 0.939380 0.210760 0.935604 0.215275 0.931997 0.219958 0.928442 0.223494 0.924769 0.227157 0.921245 0.230683 0.917690 0.233152 0.913955 0.236130 0.910344 0.239012 0.906737 0.241528 0.909599 0.245628 0.913338 0.243016 0.917073 0.240038 0.920685 0.237156 0.924477 0.234497 0.928300 0.230697 0.931973 0.227034 0.935765 0.223244 0.939504 0.218404 0.943075 0.214128 0.946666 0.210552
0 0.964569 0.260854 0.966542 0.266676 0.970281 0.272292 0.973889 0.279496 0.977459 0.286586 0.979974 0.295578 0.982926 0.304779 0.985851 0.313892 0.988430 0.323074 0.991011 0.330429 0.993198 0.337701 0.997986 0.336260 0.995765 0.328880 0.993203 0.321584 0.990639 0.312452 0.987687 0.303251 0.984762 0.294138 0.982135 0.284815 0.978358 0.277254 0.974619 0.269806 0.971012 0.264435 0.969311 0.259268
0 0.865996 0.159272 0.871376 0.164626 0.876784 0.171824 0.882213 0.179037 0.887567 0.187925 0.891154 0.196892 0.894964 0.206335 0.900660 0.213947 0.904656 0.210941 0.899332 0.203902 0.895795 0.195031 0.892036 0.185684 0.886370 0.176258 0.880780 0.168819 0.875168 0.161366 0.869527 0.155731
0 0.711719 0.065992 0.708045 0.069655 0.704458 0.073236 0.700170 0.076797 0.695504 0.080377 0.690160 0.083931 0.684751 0.086804 0.680699 0.089008 0.683088 0.093401 0.687117 0.091209 0.692728 0.088222 0.698404 0.084450 0.703288 0.080705 0.707816 0.076940 0.711576 0.073195 0.715249 0.069533
0 0.759032 0.063447 0.761940 0.068883 0.764482 0.074316 0.767083 0.079871 0.770052 0.085424 0.774461 0.083066 0.771552 0.077630 0.769011 0.072197 0.766410 0.066642 0.763441 0.061089
0 0.816137 0.141680 0.825271 0.142408 0.834308 0.143488 0.843396 0.145302 0.852142 0.147004 0.860968 0.152321 0.870151 0.157816 0.872719 0.153525 0.863535 0.148031 0.853995 0.142360 0.844374 0.140399 0.835096 0.138550 0.825767 0.137432 0.816535 0.136695
0 0.000394 0.419043 0.030459 0.414246 0.060097 0.409060 0.086401 0.405875 0.114550 0.402686 0.157002 0.399495 0.189911 0.397501 0.234593 0.396304 0.276754 0.394705 0.322577 0.392707 0.366562 0.390309 0.366290 0.385317 0.322333 0.387713 0.276550 0.389709 0.234432 0.391306 0.189706 0.392505 0.156659 0.394507 0.114100 0.397706 0.085819 0.400909 0.059357 0.404115 0.029635 0.409315 0.000000 0.414105
0 0.119351 0.301514 0.137255 0.323419 0.157263 0.351169 0.169904 0.376770 0.175313 0.395692 0.180120 0.394314 0.174537 0.374889 0.161528 0.348560 0.141229 0.320386 0.123223 0.298350
0 0.175457 0.396072 0.193560 0.434080 0.186278 0.477111 0.169783 0.533057 0.160645 0.588890 0.138838 0.648340 0.106010 0.698013 0.110182 0.700768 0.143310 0.650577 0.165474 0.590189 0.174657 0.534174 0.191141 0.478271 0.198516 0.433421 0.179977 0.393935
0 0.194278 0.435527 0.234722 0.475599 0.279119 0.507848 0.323515 0.524009 0.365742 0.536020 0.367110 0.531211 0.325059 0.519254 0.281512 0.503458 0.237967 0.471795 0.197798 0.431975
0 0.278147 0.506897 0.314651 0.570529 0.332841 0.638025 0.343811 0.699828 0.348734 0.698954 0.337718 0.636924 0.319266 0.568605 0.282485 0.504410
0 0.307178 0.299443 0.298018 0.345377 0.288859 0.390512 0.293759 0.391506 0.302920 0.346363 0.312082 0.300421
0 0.058803 0.298061 0.029517 0.324001 0.000000 0.351249 0.014254 0.384939 0.027797 0.412871 0.032296 0.410690 0.018724 0.382698 0.002424 0.352475 0.032775 0.327794 0.062118 0.301804
0 0.083848 0.404456 0.112928 0.465563 0.076597 0.528406 0.039746 0.596806 0.025007 0.699035 0.029956 0.699747 0.044532 0.598252 0.080967 0.530836 0.117920 0.465852 0.088372 0.402328
0 0.000000 0.309730 0.013407 0.324068 0.030558 0.328327 0.031735 0.323467 0.015907 0.319737 0.001726 0.306112
0 0.299574 0.391910 0.330328 0.392708 0.360893 0.394287 0.388971 0.400220 0.412727 0.407737 0.432615 0.416214 0.451496 0.416676 0.473245 0.417456 0.498396 0.422644 0.518213 0.423864 0.537724 0.424658 0.561317 0.427454 0.581815 0.428260 0.602654 0.429060 0.623493 0.429061 0.643810 0.429060 0.664102 0.430253 0.684152 0.431854 0.699458 0.431857 0.699458 0.426857 0.684379 0.426859 0.664447 0.425265 0.643957 0.424062 0.623493 0.424061 0.602750 0.424061 0.582008 0.423264 0.561724 0.422471 0.538139 0.419675 0.518468 0.418871 0.499102 0.417694 0.473875 0.412496 0.451645 0.411678 0.433742 0.411342 0.414448 0.403042 0.390226 0.395380 0.361529 0.389328 0.330522 0.387712 0.299704 0.386912
0 0.418075 0.406428 0.411307 0.422740 0.404099 0.437546 0.396467 0.456806 0.388915 0.476273 0.382306 0.489036 0.369485 0.494142 0.356079 0.499269 0.343906 0.502008 0.331104 0.504527 0.321831 0.510770 0.313399 0.516387 0.305753 0.522015 0.298157 0.527608 0.301121 0.531634 0.308718 0.526042 0.316265 0.520485 0.324625 0.514917 0.332945 0.509176 0.344931 0.506902 0.357548 0.504048 0.371329 0.498790 0.385696 0.492711 0.393481 0.478310 0.401122 0.458631 0.408683 0.439543 0.415868 0.424789 0.422694 0.408345
0 0.428857 0.382266 0.426858 0.368285 0.424884 0.354658 0.426866 0.338173 0.428878 0.320836 0.428882 0.299932 0.423882 0.299932 0.423885 0.320573 0.421900 0.337588 0.419884 0.354658 0.421908 0.368993 0.423907 0.382974
0 0.300001 0.337558 0.316398 0.335161 0.332966 0.332607 0.341364 0.324893 0.349255 0.316960 0.352749 0.308820 0.355574 0.300759 0.350855 0.299106 0.348083 0.307023 0.345180 0.314062 0.337878 0.321309 0.331083 0.327975 0.315666 0.330215 0.299277 0.332611
0 0.383725 0.493358 0.401717 0.495355 0.420123 0.497364 0.431570 0.493645 0.442286 0.490075 0.457059 0.486086 0.471328 0.481724 0.491219 0.478150 0.511610 0.474044 0.521452 0.466899 0.530594 0.459748 0.544164 0.450578 0.557561 0.440833 0.571709 0.426706 0.585438 0.412175 0.600330 0.392075 0.614828 0.371546 0.625315 0.351409 0.635783 0.330884 0.640676 0.315845 0.645085 0.300628 0.640283 0.299237 0.635896 0.314378 0.631193 0.328900 0.620871 0.349119 0.610568 0.368928 0.596279 0.389144 0.581584 0.408990 0.568125 0.423220 0.554286 0.437055 0.541294 0.446484 0.527676 0.455688 0.518427 0.462918 0.509877 0.469354 0.490286 0.473238 0.470196 0.476854 0.455678 0.481280 0.440864 0.485281 0.429990 0.488901 0.419846 0.492372 0.402269 0.490386 0.384277 0.488389
0 0.417517 0.495266 0.419510 0.507611 0.421129 0.520110 0.424361 0.532643 0.427542 0.544953 0.431926 0.566058 0.435915 0.587180 0.437505 0.597510 0.439104 0.607896 0.444046 0.607135 0.442447 0.596749 0.440838 0.586307 0.436830 0.565086 0.432418 0.543849 0.429202 0.531392 0.426037 0.519159 0.424458 0.506892 0.422453 0.494470
0 0.600386 0.427502 0.610782 0.453068 0.621121 0.478482 0.626259 0.499442 0.631013 0.519985 0.632593 0.544165 0.634189 0.568259 0.630624 0.589121 0.627028 0.610276 0.624641 0.622995 0.621793 0.636235 0.624243 0.648367 0.626642 0.659952 0.631538 0.658938 0.629139 0.647354 0.626792 0.636317 0.629541 0.623992 0.631952 0.611146 0.635553 0.589959 0.639184 0.568478 0.637582 0.543838 0.635964 0.519284 0.631122 0.498283 0.625864 0.476900 0.615413 0.451184 0.605018 0.425619
0 0.346358 0.595078 0.343567 0.610220 0.340356 0.625064 0.338342 0.640340 0.336336 0.655178 0.335134 0.669589 0.333538 0.683935 0.338507 0.684488 0.340110 0.670073 0.341306 0.655723 0.343298 0.641001 0.345283 0.625918 0.348469 0.611202 0.351275 0.595985
0 0.697941 0.427370 0.684365 0.437742 0.670335 0.448147 0.663981 0.462713 0.657822 0.476813 0.657776 0.494469 0.657776 0.511645 0.662776 0.511645 0.662776 0.494469 0.662730 0.477770 0.668566 0.464708 0.674206 0.451311 0.687364 0.441743 0.700976 0.431343
0 0.632405 0.426650 0.684418 0.432222 0.736708 0.444154 0.798118 0.462945 0.854475 0.472564 0.912544 0.482955 0.968053 0.490951 0.968766 0.486002 0.913343 0.478020 0.855336 0.467639 0.799290 0.458084 0.738012 0.439327 0.685246 0.427291 0.632938 0.421678
0 0.682338 0.429578 0.679412 0.470593 0.672996 0.505840 0.662116 0.511635 0.632279 0.516367 0.633064 0.521304 0.663469 0.516449 0.677568 0.507864 0.684375 0.471208 0.687326 0.429934
0 0.852608 0.471089 0.868479 0.507999 0.885980 0.535661 0.896178 0.584893 0.906473 0.627279 0.911332 0.626099 0.901057 0.583800 0.890684 0.533967 0.872922 0.505704 0.857202 0.469114
0 0.739835 0.442093 0.743900 0.413329 0.738714 0.385748 0.726225 0.320236 0.721313 0.321172 0.733802 0.386683 0.738901 0.413428 0.734885 0.441387
0 0.687279 0.429244 0.680648 0.397601 0.674525 0.377805 0.657414 0.355913 0.653478 0.358996 0.670161 0.380245 0.675793 0.398797 0.682385 0.430269
0 0.838943 0.416213 0.864447 0.410260 0.893655 0.408282 0.919381 0.406284 0.918994 0.401299 0.893294 0.403295 0.863730 0.405312 0.837808 0.411343
0 0.828661 0.564020 0.847408 0.568068 0.862589 0.566052 0.861915 0.561098 0.847709 0.563077 0.829724 0.559135
0 0.126935 0.632388 0.114803 0.677326 0.110359 0.716681 0.114056 0.749769 0.123552 0.797360 0.110787 0.853767 0.115664 0.854867 0.128549 0.797517 0.118991 0.748963 0.115359 0.716732 0.119709 0.678292 0.131762 0.633692
0 0.110896 0.855223 0.133002 0.911999 0.159670 0.946912 0.196881 0.963031 0.198859 0.958439 0.162785 0.943000 0.137420 0.909659 0.115556 0.853410
0 0.196808 0.958472 0.161730 0.974941 0.126636 0.987752 0.101321 0.997672 0.103145 1.000000 0.128397 0.992432 0.163656 0.979556 0.198932 0.962998
0 0.195372 0.960837 0.196145 0.979175 0.202811 1.000000 0.207587 0.999260 0.201060 0.978258 0.200368 0.960633
0 0.322717 0.632066 0.305486 0.672821 0.288229 0.715844 0.269253 0.771434 0.253559 0.790975 0.230883 0.812948 0.198945 0.847680 0.157437 0.849985 0.113122 0.851819 0.113329 0.856815 0.157690 0.854979 0.201192 0.852147 0.234478 0.816423 0.257238 0.794361 0.273790 0.773535 0.292922 0.717569 0.310110 0.674724 0.327322 0.634014
0 0.000831 0.895572 0.046675 0.879411 0.080680 0.865860 0.113889 0.856727 0.112562 0.851906 0.079082 0.861122 0.044931 0.874725 0.000000 0.890857
0 0.269024 0.772372 0.267192 0.813324 0.272370 0.850045 0.278552 0.869125 0.275310 0.906597 0.295050 0.943343 0.317098 0.973896 0.335018 1.000000 0.339206 0.998634 0.321216 0.971060 0.299293 0.940698 0.280192 0.905519 0.283545 0.868866 0.277269 0.849047 0.272187 0.813110 0.274019 0.772597
0 0.201695 0.848015 0.170167 0.821412 0.141042 0.835574 0.143305 0.840033 0.169143 0.826306 0.198442 0.851812
0 0.364483 0.828157 0.348617 0.847752 0.335731 0.869495 0.316986 0.897846 0.294946 0.940881 0.299397 0.943160 0.321328 0.900326 0.339959 0.872165 0.352722 0.850607 0.368369 0.831304
0 0.040125 0.941332 0.063722 0.962000 0.088306 0.977478 0.099996 1.000000 0.104470 0.998883 0.091976 0.974083 0.066725 0.958002 0.043420 0.937571
0 0.333549 0.635234 0.335141 0.646194 0.336362 0.657706 0.339183 0.668458 0.341567 0.680497 0.346471 0.679525 0.344057 0.667344 0.341281 0.656813 0.340103 0.645573 0.338497 0.634515
0 0.623869 0.634757 0.626667 0.645766 0.629463 0.656761 0.631867 0.666690 0.634698 0.677079 0.638714 0.688879 0.642709 0.700977 0.647457 0.699410 0.643455 0.687289 0.639475 0.675604 0.636709 0.665443 0.634315 0.655556 0.631513 0.644534 0.628714 0.633525
0 0.471132 0.677584 0.465117 0.702248 0.459895 0.731001 0.457070 0.754015 0.457907 0.772931 0.463270 0.788156 0.469491 0.799657 0.467099 0.812421 0.464663 0.826795 0.467105 0.838997 0.469467 0.852645 0.469461 0.875234 0.469461 0.899086 0.474461 0.899086 0.474461 0.875234 0.474456 0.852319 0.472020 0.838079 0.469663 0.826795 0.472025 0.813280 0.474431 0.798888 0.467858 0.786170 0.462826 0.772038 0.462064 0.754258 0.464836 0.731770 0.470010 0.703277 0.475989 0.678768
0 0.472008 0.801772 0.491596 0.801406 0.514103 0.801034 0.531859 0.798816 0.550933 0.796194 0.576299 0.787702 0.601117 0.779619 0.624289 0.771185 0.645814 0.764601 0.644352 0.759819 0.622697 0.766445 0.599490 0.774891 0.574730 0.782955 0.549719 0.791343 0.531209 0.793858 0.513782 0.796044 0.491509 0.796406 0.471914 0.796773
0 0.299625 0.852644 0.317987 0.858770 0.338894 0.887006 0.360583 0.879372 0.379968 0.870642 0.400115 0.866670 0.419188 0.862289 0.435806 0.860843 0.451064 0.859368 0.464074 0.857498 0.472693 0.854873 0.471230 0.850091 0.463056 0.852603 0.450478 0.854403 0.435349 0.855864 0.418383 0.857354 0.399073 0.861780 0.378438 0.865881 0.358641 0.874765 0.341147 0.882543 0.321272 0.855001 0.301252 0.847916
0 0.471636 0.901565 0.491231 0.904134 0.508388 0.906331 0.519195 0.908167 0.535107 0.910026 0.555693 0.908552 0.578496 0.907084 0.595694 0.905615 0.612441 0.904518 0.627579 0.903786 0.643541 0.903420 0.643426 0.898421 0.627403 0.898789 0.612155 0.899526 0.595317 0.900630 0.578130 0.902097 0.555354 0.903564 0.535158 0.905026 0.519884 0.903215 0.509101 0.901382 0.491874 0.899175 0.472286 0.896607
0 0.641003 0.900612 0.639402 0.913468 0.637806 0.927385 0.635811 0.940936 0.633808 0.955641 0.632202 0.968541 0.630999 0.981793 0.635978 0.982245 0.637173 0.969075 0.638766 0.956289 0.640761 0.941637 0.642764 0.928033 0.644367 0.914061 0.645965 0.901230
0 0.440744 0.896663 0.436742 0.913194 0.432777 0.930681 0.427221 0.945964 0.421622 0.962481 0.417622 0.973496 0.413613 0.985639 0.418360 0.987206 0.422347 0.975130 0.426343 0.964127 0.431939 0.947618 0.437579 0.932076 0.441610 0.914335 0.445604 0.897839
0 0.337808 0.885938 0.343378 0.896526 0.347516 0.904957 0.343500 0.910602 0.338625 0.918440 0.333353 0.929230 0.328533 0.940288 0.333117 0.942285 0.337893 0.931325 0.343016 0.920832 0.347737 0.913257 0.352516 0.904957 0.347859 0.894307 0.342233 0.883611
0 0.473151 0.854681 0.488822 0.846197 0.504518 0.836225 0.516854 0.827822 0.529965 0.820532 0.542660 0.813245 0.556615 0.807027 0.570678 0.799652 0.584672 0.792313 0.582350 0.787885 0.568356 0.795224 0.554432 0.802528 0.540400 0.808786 0.527506 0.816178 0.514229 0.823566 0.501776 0.832043 0.486286 0.841887 0.470771 0.850283
0 0.852492 0.634060 0.859844 0.661235 0.870940 0.699995 0.891314 0.742551 0.916952 0.779108 0.922234 0.804102 0.925884 0.831456 0.927750 0.857347 0.937008 0.890668 0.951717 0.932917 0.970093 0.987990 0.975673 1.000000 0.980247 0.998623 0.974807 0.986323 0.956451 0.931308 0.941774 0.889156 0.932665 0.856424 0.930858 0.830941 0.927161 0.803251 0.921423 0.776870 0.895635 0.740036 0.875603 0.698191 0.864659 0.659889 0.857318 0.632754
0 0.920271 0.782853 0.868230 0.775533 0.823886 0.764489 0.777024 0.768263 0.739534 0.790667 0.702868 0.823645 0.666516 0.841774 0.632061 0.856420 0.634017 0.861021 0.668619 0.846310 0.705733 0.827743 0.742532 0.794668 0.778508 0.773037 0.823479 0.769472 0.867294 0.780445 0.919574 0.787804
0 0.930032 0.855126 0.898908 0.857322 0.858684 0.857323 0.829441 0.854398 0.828944 0.859373 0.858473 0.862319 0.899061 0.862320 0.930383 0.860113
0 0.762990 0.945620 0.796264 0.946719 0.832778 0.941950 0.868735 0.949137 0.901135 0.967121 0.915347 0.984981 0.926306 1.000000 0.930436 0.998224 0.919355 0.981993 0.904181 0.963156 0.870462 0.944445 0.832953 0.936953 0.796001 0.941726 0.763156 0.940623
0 0.672497 0.850742 0.658872 0.902265 0.654051 0.943244 0.663273 0.993116 0.668189 0.992205 0.659045 0.942999 0.663774 0.903246 0.677331 0.852021
0 0.928224 0.793263 0.950411 0.787828 0.981200 0.793295 0.982068 0.788371 0.950411 0.782828 0.927049 0.788403