0 0.089800 0.655800 0.106800 0.662200 0.126600 0.650800 0.147600 0.663200 0.183400 0.647900 0.201600 0.655300 0.215500 0.669200 0.231900 0.654800 0.252300 0.647900 0.280400 0.639400 0.301900 0.648900 0.320100 0.635500
0 0.320100 0.635500 0.340000 0.644500 0.354400 0.634000 0.370800 0.639900 0.383300 0.632100 0.407200 0.640900 0.428100 0.632100 0.443000 0.638500 0.457900 0.631600 0.472800 0.637500 0.490500 0.630700 0.505400 0.636000
0 0.506400 0.636000 0.518900 0.642400 0.531400 0.630700 0.547800 0.634000 0.558200 0.627300 0.575000 0.630700 0.590900 0.625300 0.608600 0.631600 0.621000 0.625800 0.636000 0.629700 0.647400 0.623900 0.658900 0.631600
0 0.658900 0.631600 0.672800 0.624400 0.686700 0.630200 0.702100 0.625800 0.716000 0.629200 0.730000 0.623400 0.744900 0.627300 0.760300 0.619000 0.771700 0.624800 0.785600 0.616100 0.796000 0.620000 0.806400 0.615600
0 0.419100 0.531200 0.430000 0.537600 0.438000 0.529200 0.447500 0.536000 0.456500 0.528300 0.468000 0.534500 0.478400 0.527300 0.490000 0.532600 0.501500 0.526300
0 0.501500 0.526300 0.511900 0.532600 0.524400 0.525800 0.537900 0.529700 0.548300 0.523900 0.560800 0.529200 0.573200 0.522900 0.584700 0.528300 0.596200 0.521500 0.606600 0.526300 0.616000 0.520500 0.625000 0.525300
0 0.638400 0.518600 0.648800 0.524400 0.658900 0.517600 0.669800 0.523400 0.680200 0.516100 0.690600 0.522000 0.702100 0.515100 0.710600 0.520000 0.720000 0.513200 0.729500 0.517600 0.740000 0.512200
0 0.740000 0.512200 0.751400 0.516100 0.760300 0.510800 0.771700 0.514600 0.781600 0.508800 0.793100 0.512700 0.803500 0.507300 0.814900 0.510300 0.825800 0.505400
0 0.287800 0.618500 0.294200 0.627300 0.297100 0.617100 0.306100 0.624800 0.309000 0.615100 0.317500 0.621000 0.320400 0.612200
0 0.244900 0.672100 0.252300 0.677500 0.258700 0.671200 0.264100 0.676500 0.270500 0.669700 0.276400 0.675100 0.281800 0.668700 0.287200 0.673600
0 0.709100 0.638500 0.713500 0.643900 0.718000 0.637500 0.723400 0.642900 0.728800 0.636500
0 0.662800 0.656800 0.667700 0.661700 0.672600 0.655800 0.678000 0.660800 0.682900 0.654800
0 0.717500 0.598200 0.723400 0.603600 0.728300 0.597300 0.733700 0.602200 0.738600 0.596300 0.744500 0.601200 0.749000 0.595300