0 0.061035 0.579427 0.060547 0.580078 0.060059 0.580078 0.060059 0.581380 0.060547 0.581380 0.061035 0.582031 0.061523 0.581380 0.062012 0.581380 0.062012 0.580078 0.061523 0.580078
0 0.193359 0.574870 0.192871 0.575521 0.192383 0.575521 0.191895 0.576172 0.191406 0.576172 0.191406 0.580078 0.190918 0.580729 0.190918 0.582682 0.191406 0.582682 0.191895 0.583333 0.193848 0.583333 0.194336 0.582682 0.194824 0.582682 0.194824 0.581380 0.194336 0.580729 0.194336 0.580078 0.194824 0.579427 0.195312 0.579427 0.195312 0.576823 0.194336 0.575521 0.193848 0.575521
0 0.563965 0.477214 0.563477 0.477865 0.562988 0.477865 0.562988 0.479167 0.563477 0.479818 0.563965 0.479818 0.564453 0.480469 0.564941 0.479818 0.565430 0.479818 0.565430 0.477865 0.564941 0.477865 0.564453 0.477214
0 0.583984 0.466797 0.583496 0.466797 0.583008 0.466146 0.582520 0.466797 0.582031 0.466797 0.582031 0.468099 0.581055 0.469401 0.580566 0.469401 0.580078 0.468750 0.579590 0.469401 0.579102 0.469401 0.578613 0.470052 0.578613 0.470703 0.578125 0.471354 0.577637 0.471354 0.576660 0.472656 0.576172 0.472656 0.575684 0.473307 0.575195 0.473307 0.574219 0.474609 0.573730 0.474609 0.573242 0.475260 0.573242 0.476562 0.573730 0.476562 0.574219 0.477214 0.574707 0.477214 0.575195 0.477865 0.576172 0.477865 0.576660 0.477214 0.577148 0.477865 0.577637 0.477214 0.578125 0.477214 0.578613 0.477865 0.580566 0.477865 0.581055 0.477214 0.582031 0.477214 0.582520 0.477865 0.583008 0.477214 0.583496 0.477214 0.583496 0.475911 0.583984 0.475260
0 0.045898 0.465495 0.045410 0.466146 0.044922 0.466146 0.044922 0.467448 0.045410 0.467448 0.045898 0.468099 0.046387 0.467448 0.046875 0.467448 0.046875 0.466146 0.046387 0.466146
0 0.208984 0.444661 0.208496 0.445312 0.208008 0.445312 0.208008 0.445964 0.207520 0.446615 0.207031 0.446615 0.207031 0.447917 0.206543 0.448568 0.206543 0.449870 0.207031 0.449870 0.207520 0.450521 0.208008 0.450521 0.208496 0.449870 0.208984 0.449870 0.208984 0.447266 0.209473 0.446615 0.209961 0.446615 0.209961 0.445312 0.209473 0.445312
0 0.211914 0.440104 0.211426 0.440755 0.210938 0.440755 0.210938 0.442057 0.211426 0.442057 0.211914 0.442708 0.212402 0.442057 0.212891 0.442057 0.212891 0.440755 0.212402 0.440755
0 0.543457 0.437500 0.543457 0.438802 0.543945 0.438802 0.545898 0.440755 0.546875 0.440755 0.547363 0.441406 0.550293 0.441406 0.552246 0.443359 0.554199 0.443359 0.557129 0.445964 0.557617 0.445312 0.558105 0.445964 0.558594 0.445964 0.560059 0.447917 0.560059 0.451172 0.559570 0.451823 0.559570 0.454427 0.560059 0.455078 0.560059 0.460938 0.560547 0.461589 0.560547 0.462240 0.560059 0.462891 0.560059 0.465495 0.560547 0.466146 0.560547 0.476562 0.561035 0.476562 0.561523 0.477214 0.562012 0.476562 0.562500 0.476562 0.562500 0.464844 0.562012 0.464193 0.562500 0.463542 0.562500 0.447266 0.562988 0.446615 0.562988 0.440755 0.563477 0.440104 0.563477 0.438802 0.562988 0.438151 0.562988 0.437500 0.562500 0.437500 0.562012 0.436849 0.559570 0.438802 0.559082 0.438151 0.558105 0.438151 0.557617 0.438802 0.557129 0.438802 0.557129 0.440104 0.556641 0.440755 0.555176 0.440755 0.554199 0.439453 0.553711 0.439453 0.552246 0.438151 0.551758 0.438802 0.551270 0.438151 0.550293 0.438151 0.549805 0.437500 0.548828 0.437500 0.548340 0.436849 0.547852 0.436849 0.546387 0.438151 0.544922 0.436849
0 0.213867 0.436849 0.213379 0.437500 0.212891 0.437500 0.212891 0.438802 0.213379 0.438802 0.213867 0.439453 0.214355 0.438802 0.214844 0.438802 0.214844 0.437500 0.214355 0.437500
0 0.532715 0.432943 0.532227 0.433594 0.531738 0.433594 0.531738 0.434896 0.532227 0.434896 0.532715 0.435547 0.533203 0.434896 0.533691 0.434896 0.533691 0.433594 0.533203 0.433594
0 0.093750 0.432292 0.093262 0.432943 0.092773 0.432943 0.092773 0.434245 0.093262 0.434245 0.093750 0.434896 0.094238 0.434245 0.094727 0.434245 0.094727 0.432943 0.094238 0.432943
0 0.240234 0.429036 0.239746 0.429036 0.239258 0.428385 0.237305 0.428385 0.236816 0.429036 0.236328 0.429036 0.235352 0.430339 0.234863 0.430339 0.234375 0.429688 0.233887 0.430339 0.233398 0.430339 0.232422 0.431641 0.230957 0.431641 0.230469 0.432292 0.229980 0.432292 0.229980 0.432943 0.229492 0.433594 0.229004 0.433594 0.229004 0.434245 0.228027 0.435547 0.228027 0.436849 0.227051 0.438151 0.227051 0.439453 0.227539 0.440104 0.227539 0.440755 0.228516 0.442057 0.229004 0.442057 0.229492 0.442708 0.229980 0.442708 0.230469 0.442057 0.231934 0.442057 0.232422 0.441406 0.232910 0.441406 0.234863 0.438802 0.234863 0.438151 0.235352 0.437500 0.235840 0.437500 0.237305 0.435547 0.237793 0.435547 0.239746 0.432943 0.240234 0.432943
0 0.020996 0.416667 0.020996 0.418620 0.021484 0.418620 0.021973 0.419271 0.022461 0.418620 0.022949 0.419271 0.023438 0.419271 0.023926 0.419922 0.024414 0.419922 0.024902 0.419271 0.025391 0.419271 0.025391 0.417318 0.024902 0.417318 0.024414 0.416667 0.023926 0.417318 0.023438 0.417318 0.022949 0.416667 0.022461 0.416667 0.021973 0.416016 0.021484 0.416667
0 0.014648 0.413411 0.014160 0.414062 0.013672 0.414062 0.013672 0.414714 0.013184 0.415365 0.013184 0.416667 0.013672 0.416667 0.014160 0.417318 0.014648 0.416667 0.015137 0.416667 0.015137 0.416016 0.015625 0.415365 0.015625 0.414062 0.015137 0.414062
0 0.026367 0.414062 0.026367 0.415365 0.026855 0.415365 0.027344 0.416016 0.027832 0.415365 0.029297 0.415365 0.029785 0.416016 0.030273 0.415365 0.030762 0.415365 0.031250 0.414714 0.031738 0.415365 0.032227 0.414714 0.032715 0.414714 0.032715 0.413411 0.032227 0.413411 0.031250 0.412109 0.030762 0.412109 0.030273 0.411458 0.029785 0.412109 0.028809 0.412109 0.028320 0.411458 0.027832 0.412109 0.027344 0.412109 0.027344 0.413411 0.026855 0.414062
0 0.010742 0.408854 0.010254 0.409505 0.009766 0.409505 0.009766 0.410807 0.010254 0.410807 0.010742 0.411458 0.011230 0.410807 0.011719 0.410807 0.011719 0.409505 0.011230 0.409505
0 0.032715 0.405599 0.032227 0.406250 0.031738 0.406250 0.031738 0.407552 0.032227 0.407552 0.032715 0.408203 0.033203 0.407552 0.033691 0.407552 0.033691 0.406250 0.033203 0.406250
0 0.536133 0.403646 0.535645 0.404297 0.535156 0.404297 0.535156 0.406250 0.535645 0.406901 0.535645 0.412109 0.535156 0.412760 0.535156 0.414714 0.534668 0.415365 0.534668 0.422526 0.535156 0.423177 0.535156 0.423828 0.535645 0.424479 0.535645 0.425130 0.536133 0.425781 0.536133 0.426432 0.536621 0.426432 0.537109 0.427083 0.537598 0.426432 0.538086 0.426432 0.538086 0.425130 0.538574 0.424479 0.538574 0.423177 0.538086 0.422526 0.538086 0.421875 0.538574 0.421224 0.538574 0.418620 0.539062 0.417969 0.539062 0.415365 0.539551 0.414714 0.539551 0.412109 0.540039 0.411458 0.540039 0.410156 0.539551 0.409505 0.539551 0.408854 0.539062 0.408203 0.539062 0.406901 0.538574 0.406250 0.538086 0.406250 0.537598 0.405599 0.537598 0.404948 0.537109 0.404297 0.536621 0.404297
0 0.037109 0.397135 0.036621 0.397135 0.036133 0.396484 0.035645 0.397135 0.035156 0.397135 0.035156 0.398438 0.034668 0.399089 0.034180 0.398438 0.033691 0.399089 0.033203 0.399089 0.033203 0.400391 0.033691 0.400391 0.034180 0.401042 0.034668 0.400391 0.035156 0.400391 0.035156 0.399740 0.035645 0.399089 0.036133 0.399740 0.036621 0.399089 0.037109 0.399089
0 0.535645 0.393229 0.535645 0.395182 0.536133 0.395182 0.536621 0.395833 0.538086 0.395833 0.538574 0.395182 0.539062 0.395182 0.539551 0.394531 0.539551 0.393229 0.539062 0.393229 0.538574 0.392578 0.536621 0.392578 0.536133 0.393229
0 0.023926 0.392578 0.023438 0.393229 0.022949 0.393229 0.022949 0.394531 0.023438 0.394531 0.023926 0.395182 0.024414 0.394531 0.024902 0.394531 0.024902 0.393229 0.024414 0.393229
0 0.042480 0.386719 0.041992 0.386719 0.041504 0.386068 0.041016 0.386719 0.040527 0.386719 0.040039 0.387370 0.039551 0.387370 0.039062 0.388021 0.038574 0.388021 0.038086 0.388672 0.038086 0.389974 0.037598 0.390625 0.037109 0.389974 0.036621 0.389974 0.036133 0.389323 0.035645 0.389974 0.035156 0.389974 0.034668 0.390625 0.034180 0.390625 0.034180 0.392578 0.034668 0.392578 0.035156 0.393229 0.035645 0.393229 0.036133 0.392578 0.036621 0.392578 0.037109 0.391927 0.037598 0.391927 0.038086 0.392578 0.038574 0.391927 0.039062 0.391927 0.039062 0.391276 0.039551 0.390625 0.040039 0.390625 0.040527 0.389974 0.041016 0.389974 0.041504 0.389323 0.041992 0.389323 0.041992 0.388672 0.042480 0.388021
0 0.547852 0.339193 0.547363 0.339844 0.546875 0.339844 0.546875 0.341146 0.547363 0.341797 0.547363 0.343750 0.547852 0.344401 0.547852 0.345052 0.548340 0.345703 0.548828 0.345703 0.549316 0.346354 0.549805 0.345703 0.550293 0.345703 0.550293 0.343750 0.549805 0.343099 0.550293 0.342448 0.550293 0.341146 0.549805 0.340495 0.549316 0.340495 0.548828 0.339844 0.548340 0.339844
0 0.548340 0.332682 0.547852 0.333333 0.547363 0.333333 0.547363 0.334635 0.547852 0.334635 0.548340 0.335286 0.548828 0.334635 0.549316 0.334635 0.549316 0.333333 0.548828 0.333333
0 0.547852 0.315104 0.547363 0.315755 0.546875 0.315755 0.546875 0.317057 0.547363 0.317057 0.547852 0.317708 0.548340 0.317057 0.548828 0.317057 0.548828 0.315755 0.548340 0.315755
0 0.395996 0.277995 0.395508 0.277995 0.395020 0.277344 0.394043 0.277344 0.393555 0.276693 0.393066 0.277344 0.392578 0.277344 0.392090 0.277995 0.391602 0.277344 0.391113 0.277995 0.390625 0.277995 0.390137 0.278646 0.390137 0.279297 0.389648 0.279948 0.389160 0.279948 0.388672 0.279297 0.388184 0.279297 0.387695 0.279948 0.387207 0.279948 0.386719 0.280599 0.386230 0.280599 0.386230 0.281901 0.386719 0.281901 0.387207 0.282552 0.387695 0.282552 0.388184 0.281901 0.388672 0.281901 0.389160 0.281250 0.389648 0.281250 0.390137 0.280599 0.390625 0.280599 0.391113 0.281250 0.391602 0.280599 0.392090 0.280599 0.392090 0.279948 0.393066 0.278646 0.393555 0.279297 0.394531 0.279297 0.395020 0.279948 0.395508 0.279297 0.395996 0.279297
0 0.554199 0.225260 0.553711 0.225260 0.553223 0.224609 0.552734 0.225260 0.552246 0.225260 0.551758 0.225911 0.551270 0.225911 0.551270 0.227214 0.551758 0.227214 0.552246 0.227865 0.552734 0.227865 0.553223 0.227214 0.553711 0.227214 0.554199 0.226562
0 0.517578 0.217448 0.517578 0.218750 0.518066 0.218750 0.518555 0.219401 0.518555 0.220052 0.519043 0.220052 0.519531 0.220703 0.520996 0.220703 0.521484 0.221354 0.522949 0.222005 0.523438 0.222656 0.523438 0.223307 0.523926 0.223307 0.524902 0.225260 0.525391 0.225260 0.525879 0.225911 0.526367 0.225911 0.527344 0.227214 0.527832 0.227214 0.529297 0.228516 0.530273 0.228516 0.531738 0.229818 0.532227 0.229818 0.532715 0.229167 0.534180 0.228516 0.534180 0.227865 0.536133 0.225260 0.536621 0.225260 0.536621 0.224609 0.537109 0.223958 0.537598 0.224609 0.539062 0.224609 0.540527 0.225911 0.541016 0.225260 0.541504 0.225911 0.541504 0.226562 0.541992 0.226562 0.542969 0.227865 0.543457 0.227865 0.543945 0.228516 0.544434 0.227865 0.544922 0.227865 0.544922 0.227214 0.545410 0.226562 0.545898 0.226562 0.545898 0.225260 0.545410 0.224609 0.545410 0.223307 0.544922 0.222656 0.545410 0.222005 0.545410 0.220703 0.543945 0.219401 0.543945 0.218750 0.544434 0.218099 0.544922 0.218099 0.544922 0.215495 0.544434 0.215495 0.543945 0.214844 0.543457 0.215495 0.541992 0.215495 0.541504 0.214844 0.540039 0.214844 0.539551 0.214193 0.539551 0.212240 0.539062 0.212240 0.538574 0.211589 0.538086 0.211589 0.536621 0.212891 0.536621 0.214193 0.537109 0.214844 0.537109 0.215495 0.536621 0.216146 0.536133 0.216146 0.535156 0.214844 0.535156 0.214193 0.533691 0.212891 0.533203 0.213542 0.532715 0.213542 0.532227 0.212891 0.532227 0.212240 0.531738 0.212240 0.531250 0.211589 0.530762 0.211589 0.530273 0.212240 0.529785 0.211589 0.528320 0.212240 0.527832 0.211589 0.526367 0.210938 0.524902 0.212240 0.524414 0.211589 0.523926 0.212240 0.523438 0.212240 0.523438 0.212891 0.522949 0.213542 0.521973 0.213542 0.521484 0.212891 0.520996 0.213542 0.520508 0.213542 0.519531 0.214844 0.519043 0.214844 0.519043 0.215495
0 0.491211 0.210938 0.491211 0.212240 0.491699 0.212891 0.492188 0.212891 0.492676 0.213542 0.494141 0.213542 0.494629 0.214193 0.495117 0.213542 0.495605 0.213542 0.495605 0.212891 0.496094 0.212240 0.496582 0.212891 0.496582 0.214193 0.497070 0.214844 0.497070 0.215495 0.498047 0.216797 0.498535 0.216797 0.499512 0.218099 0.500000 0.218099 0.500488 0.218750 0.500977 0.218750 0.501465 0.218099 0.501953 0.218099 0.501953 0.214193 0.501465 0.213542 0.501465 0.212891 0.500488 0.211589 0.500488 0.210938 0.500000 0.210938 0.499512 0.210286 0.499023 0.210938 0.497559 0.210938 0.497070 0.211589 0.496582 0.210938 0.496582 0.210286 0.496094 0.209635 0.495605 0.209635 0.495117 0.208984 0.494629 0.208984 0.494141 0.209635 0.493652 0.208984 0.493164 0.208984 0.492676 0.209635 0.492188 0.209635
0 0.451660 0.210286 0.451660 0.211589 0.451172 0.212240 0.451172 0.215495 0.451660 0.216146 0.451660 0.222005 0.452148 0.222656 0.452148 0.225260 0.452637 0.225911 0.452637 0.227214 0.451172 0.229167 0.450195 0.229167 0.449219 0.229818 0.448242 0.231120 0.448242 0.232422 0.451660 0.233724 0.453613 0.236328 0.454102 0.237630 0.454102 0.239583 0.454590 0.239583 0.456543 0.241536 0.457031 0.240885 0.460449 0.240885 0.461426 0.240234 0.462402 0.238932 0.462402 0.236328 0.461914 0.235026 0.463379 0.233073 0.464844 0.235026 0.465820 0.235677 0.466797 0.235677 0.468262 0.236979 0.469727 0.236979 0.471191 0.238281 0.471680 0.237630 0.472656 0.237630 0.473633 0.238281 0.475098 0.236979 0.477051 0.236979 0.478516 0.235677 0.479004 0.234375 0.479004 0.227214 0.478516 0.227214 0.477051 0.225260 0.476074 0.224609 0.471191 0.224609 0.469238 0.225911 0.468750 0.225260 0.467285 0.226562 0.466797 0.225911 0.466309 0.226562 0.465820 0.225260 0.466797 0.223307 0.466797 0.222005 0.467773 0.221354 0.467773 0.220052 0.467285 0.218750 0.466309 0.218099 0.466309 0.217448 0.465332 0.216797 0.464355 0.217448 0.463379 0.216797 0.461914 0.217448 0.460938 0.216146 0.460938 0.215495 0.459961 0.214844 0.458984 0.214844 0.458496 0.214193 0.457031 0.214193 0.456055 0.212891 0.456055 0.210286 0.455566 0.210286 0.453613 0.208333 0.452637 0.208984 0.452148 0.210286
0 0.281250 0.175781 0.280762 0.175781 0.279785 0.174479 0.279297 0.174479 0.278809 0.173828 0.278320 0.174479 0.276855 0.174479 0.276367 0.175130 0.275879 0.175130 0.275391 0.175781 0.274902 0.175781 0.274902 0.176432 0.274414 0.177083 0.273926 0.176432 0.273438 0.177083 0.272949 0.177083 0.272461 0.177734 0.272461 0.179036 0.272949 0.179036 0.273438 0.179688 0.273926 0.179036 0.275391 0.179036 0.275879 0.178385 0.276367 0.178385 0.276855 0.177734 0.277344 0.178385 0.278809 0.178385 0.279297 0.179036 0.280273 0.179036 0.280762 0.178385 0.281250 0.178385
0 0.277832 0.171224 0.277344 0.171224 0.276855 0.170573 0.276367 0.171224 0.275879 0.170573 0.275391 0.170573 0.274902 0.169922 0.274414 0.170573 0.273926 0.170573 0.273438 0.171224 0.272949 0.170573 0.272461 0.171224 0.271973 0.171224 0.271973 0.174479 0.272461 0.174479 0.272949 0.175130 0.273438 0.175130 0.273926 0.174479 0.274414 0.174479 0.274414 0.173177 0.275391 0.171875 0.275879 0.172526 0.276367 0.172526 0.276855 0.173177 0.277344 0.172526 0.277832 0.172526
0 0.324707 0.167318 0.324707 0.168620 0.325195 0.168620 0.325684 0.169271 0.326660 0.169271 0.327148 0.168620 0.327637 0.168620 0.327637 0.167318 0.327148 0.167318 0.326660 0.166667 0.325684 0.166667 0.325195 0.167318
0 0.333984 0.166667 0.333984 0.167969 0.334473 0.167969 0.334961 0.168620 0.335449 0.167969 0.335938 0.168620 0.335938 0.169922 0.336426 0.169922 0.336914 0.170573 0.337402 0.169922 0.337891 0.169922 0.337891 0.168620 0.337402 0.168620 0.336914 0.167969 0.336426 0.168620 0.335938 0.167969 0.335938 0.166667 0.335449 0.166667 0.334961 0.166016 0.334473 0.166667
0 0.286621 0.161458 0.286133 0.162109 0.285645 0.162109 0.285645 0.164062 0.286621 0.165365 0.286621 0.166016 0.286133 0.166667 0.285645 0.166667 0.285645 0.167969 0.286133 0.167969 0.286621 0.168620 0.286621 0.169271 0.287109 0.169922 0.287598 0.169922 0.288086 0.170573 0.288574 0.169922 0.289062 0.169922 0.289551 0.169271 0.290039 0.169922 0.290039 0.170573 0.289551 0.171224 0.289551 0.172526 0.290039 0.172526 0.290527 0.173177 0.289551 0.174479 0.289062 0.174479 0.289062 0.175781 0.288086 0.177083 0.287598 0.177083 0.287598 0.178385 0.288086 0.178385 0.288574 0.179036 0.289062 0.178385 0.289551 0.178385 0.290039 0.179036 0.290527 0.178385 0.291016 0.178385 0.291504 0.177734 0.291504 0.176432 0.291016 0.175781 0.291016 0.174479 0.290527 0.174479 0.290039 0.173828 0.291016 0.172526 0.291504 0.172526 0.291504 0.171224 0.291992 0.170573 0.291992 0.169271 0.291504 0.169271 0.291016 0.168620 0.290527 0.169271 0.290039 0.169271 0.289551 0.168620 0.289551 0.167318 0.288574 0.166016 0.289062 0.165365 0.289062 0.164062 0.288574 0.164062 0.287598 0.162760 0.287598 0.162109 0.287109 0.162109
0 0.268066 0.160807 0.267578 0.161458 0.267090 0.161458 0.267090 0.162760 0.267578 0.162760 0.268066 0.163411 0.268555 0.162760 0.269043 0.162760 0.269043 0.161458 0.268555 0.161458
0 0.285645 0.153646 0.285156 0.154297 0.284668 0.154297 0.284668 0.154948 0.284180 0.155599 0.283691 0.155599 0.283691 0.156901 0.284180 0.156901 0.285156 0.158203 0.285156 0.158854 0.285645 0.159505 0.286133 0.159505 0.286621 0.160156 0.287109 0.159505 0.287598 0.159505 0.287598 0.158203 0.288086 0.157552 0.288086 0.155599 0.287598 0.155599 0.286621 0.154297 0.286133 0.154297