0 0.553223 0.580078 0.552734 0.580729 0.552246 0.580729 0.552246 0.582031 0.552734 0.582031 0.553223 0.582682 0.553711 0.582031 0.554199 0.582031 0.554199 0.580729 0.553711 0.580729
0 0.515625 0.577474 0.515137 0.578125 0.514648 0.578125 0.514648 0.579427 0.515137 0.579427 0.515625 0.580078 0.516113 0.579427 0.516602 0.579427 0.516602 0.578125 0.516113 0.578125
0 0.480957 0.576823 0.480957 0.578125 0.481445 0.578125 0.481934 0.578776 0.483398 0.578776 0.483887 0.579427 0.484863 0.579427 0.485352 0.580078 0.485840 0.580078 0.486328 0.579427 0.486816 0.579427 0.486816 0.578125 0.486328 0.577474 0.486328 0.576823 0.485840 0.576823 0.485352 0.576172 0.483887 0.576172 0.483398 0.576823 0.482910 0.576172 0.481934 0.576172 0.481445 0.576823
0 0.512207 0.575521 0.512207 0.576823 0.512695 0.576823 0.513184 0.577474 0.513672 0.577474 0.514160 0.576823 0.514648 0.576823 0.514648 0.575521 0.514160 0.575521 0.513672 0.574870 0.513184 0.574870 0.512695 0.575521
0 0.537598 0.582682 0.538086 0.582682 0.538574 0.583333 0.539062 0.582682 0.539551 0.583333 0.540039 0.583333 0.540527 0.583984 0.541992 0.583984 0.542480 0.583333 0.543945 0.583333 0.544434 0.582682 0.544922 0.582682 0.544922 0.581380 0.545898 0.580078 0.546387 0.580078 0.546875 0.580729 0.547363 0.580729 0.547852 0.581380 0.548340 0.580729 0.548828 0.580729 0.548828 0.579427 0.548340 0.579427 0.547852 0.578776 0.547363 0.579427 0.546875 0.579427 0.545898 0.578125 0.545898 0.576823 0.545410 0.576172 0.544922 0.576172 0.544434 0.575521 0.543945 0.575521 0.542969 0.574219 0.542969 0.573568 0.542480 0.573568 0.541992 0.572917 0.541504 0.573568 0.541016 0.573568 0.540039 0.574870 0.539551 0.574870 0.539551 0.576823 0.539062 0.577474 0.539062 0.580078 0.538086 0.581380 0.537598 0.581380
0 0.495117 0.572266 0.495117 0.573568 0.495605 0.573568 0.496094 0.574219 0.496582 0.573568 0.497070 0.573568 0.497559 0.574219 0.497559 0.574870 0.498047 0.574870 0.498535 0.575521 0.499023 0.575521 0.499512 0.574870 0.500000 0.574870 0.500488 0.574219 0.500977 0.574219 0.500977 0.572266 0.500488 0.572266 0.500000 0.571615 0.499512 0.572266 0.499023 0.572266 0.498047 0.573568 0.497559 0.573568 0.497070 0.572917 0.497070 0.572266 0.496582 0.572266 0.496094 0.571615 0.495605 0.572266
0 0.553223 0.570312 0.552734 0.570964 0.552246 0.570964 0.552246 0.572266 0.552734 0.572266 0.553223 0.572917 0.553711 0.572266 0.554199 0.572266 0.554199 0.570964 0.553711 0.570964
0 0.505859 0.567057 0.505859 0.568359 0.507324 0.570312 0.507324 0.571615 0.507812 0.572266 0.507812 0.573568 0.508301 0.573568 0.508789 0.574219 0.509766 0.574219 0.510254 0.574870 0.510742 0.574219 0.511230 0.574219 0.511230 0.572917 0.509277 0.570312 0.509277 0.569661 0.508789 0.569010 0.508789 0.568359 0.507812 0.567057 0.507324 0.567057 0.506836 0.566406 0.506348 0.567057
0 0.550781 0.565755 0.550293 0.566406 0.549805 0.566406 0.549805 0.569010 0.549316 0.569661 0.549316 0.570312 0.548828 0.570964 0.548828 0.572266 0.549316 0.572266 0.549805 0.572917 0.550293 0.572266 0.550781 0.572266 0.551270 0.571615 0.551270 0.570312 0.551758 0.569661 0.551758 0.566406 0.551270 0.566406
0 0.485840 0.565104 0.485840 0.566406 0.486328 0.566406 0.486816 0.567057 0.487305 0.566406 0.488281 0.566406 0.488770 0.567057 0.488770 0.567708 0.489258 0.567708 0.489746 0.568359 0.490234 0.568359 0.490723 0.569010 0.491211 0.569010 0.491699 0.569661 0.492188 0.569010 0.492676 0.569661 0.493164 0.569661 0.493652 0.570312 0.494141 0.569661 0.494629 0.569661 0.494629 0.568359 0.494141 0.568359 0.493652 0.567708 0.493164 0.568359 0.492676 0.567708 0.492676 0.567057 0.492188 0.567057 0.491211 0.565755 0.490723 0.565755 0.490234 0.565104 0.489258 0.565104 0.488770 0.564453 0.488281 0.565104 0.487305 0.565104 0.486816 0.564453 0.486328 0.565104
0 0.440430 0.564453 0.439941 0.565104 0.439453 0.565104 0.439453 0.565755 0.438965 0.566406 0.438965 0.568359 0.438477 0.569010 0.438477 0.573568 0.438965 0.574219 0.438965 0.578125 0.439453 0.578125 0.439941 0.578776 0.441406 0.578776 0.441895 0.579427 0.442383 0.579427 0.442871 0.578776 0.443359 0.578776 0.443359 0.577474 0.442871 0.576823 0.443359 0.576172 0.443848 0.576172 0.444336 0.575521 0.444336 0.574219 0.443848 0.573568 0.444336 0.572917 0.444336 0.571615 0.443848 0.571615 0.443359 0.570964 0.443359 0.568359 0.442871 0.568359 0.442383 0.567708 0.441895 0.567708 0.441406 0.567057 0.441406 0.565104 0.440918 0.565104
0 0.570801 0.563802 0.570312 0.564453 0.569824 0.564453 0.569824 0.565755 0.570312 0.565755 0.570801 0.566406 0.571289 0.565755 0.571777 0.565755 0.571777 0.564453 0.571289 0.564453
0 0.467773 0.564453 0.467773 0.565755 0.468262 0.566406 0.468262 0.567057 0.468750 0.567057 0.469238 0.567708 0.469727 0.567057 0.470215 0.567708 0.470703 0.567708 0.471680 0.569010 0.472168 0.569010 0.472656 0.569661 0.473145 0.569010 0.473633 0.569010 0.473633 0.567708 0.473145 0.567708 0.472168 0.566406 0.471680 0.566406 0.471191 0.565755 0.470703 0.566406 0.470215 0.565755 0.470215 0.565104 0.469727 0.564453 0.469238 0.564453 0.468750 0.563802 0.468262 0.564453
0 0.478027 0.562500 0.477539 0.563151 0.477051 0.563151 0.477051 0.564453 0.477539 0.564453 0.478516 0.565755 0.478516 0.566406 0.479004 0.566406 0.479492 0.567057 0.478516 0.568359 0.478027 0.568359 0.478027 0.569661 0.477539 0.570312 0.477051 0.569661 0.476074 0.569661 0.475586 0.570312 0.475098 0.570312 0.474121 0.571615 0.474121 0.573568 0.474609 0.573568 0.475098 0.574219 0.476074 0.574219 0.476562 0.574870 0.477051 0.574219 0.477539 0.574219 0.478027 0.573568 0.478027 0.570312 0.478516 0.569661 0.479004 0.570312 0.479492 0.569661 0.479980 0.569661 0.479980 0.568359 0.479492 0.568359 0.479004 0.567708 0.479980 0.566406 0.480469 0.566406 0.480469 0.565104 0.479980 0.564453 0.479980 0.563802 0.479492 0.563802 0.479004 0.563151 0.478516 0.563151
0 0.508789 0.559896 0.508301 0.560547 0.507812 0.560547 0.507812 0.561849 0.508301 0.561849 0.508789 0.562500 0.509277 0.561849 0.509766 0.561849 0.509766 0.560547 0.509277 0.560547
0 0.487305 0.560547 0.487305 0.561849 0.487793 0.561849 0.488281 0.562500 0.488770 0.562500 0.489258 0.561849 0.489746 0.561849 0.489746 0.560547 0.489258 0.560547 0.488770 0.559896 0.488281 0.559896 0.487793 0.560547
0 0.474121 0.559896 0.473633 0.560547 0.473145 0.560547 0.473145 0.561849 0.473633 0.561849 0.474121 0.562500 0.474609 0.561849 0.475098 0.561849 0.475098 0.560547 0.474609 0.560547
0 0.440430 0.559896 0.440430 0.561198 0.440918 0.561849 0.441406 0.561849 0.441895 0.562500 0.442383 0.562500 0.442871 0.561849 0.443359 0.561849 0.443359 0.559896 0.442871 0.559896 0.442383 0.559245 0.441406 0.559245 0.440918 0.559896
0 0.470703 0.558594 0.470215 0.559245 0.469727 0.559245 0.469727 0.561198 0.470215 0.561849 0.470703 0.561849 0.471191 0.562500 0.471680 0.561849 0.472168 0.561849 0.472168 0.559245 0.471680 0.559245 0.471191 0.558594
0 0.492676 0.558594 0.492676 0.559896 0.493164 0.560547 0.493164 0.561198 0.493652 0.561198 0.494141 0.561849 0.494629 0.561849 0.495117 0.561198 0.495605 0.561198 0.495605 0.559896 0.494629 0.558594 0.494141 0.558594 0.493652 0.557943 0.493164 0.558594
0 0.475586 0.556641 0.475098 0.557292 0.474609 0.557292 0.474609 0.558594 0.475098 0.558594 0.475586 0.559245 0.476074 0.558594 0.476562 0.558594 0.476562 0.557292 0.476074 0.557292
0 0.499512 0.555339 0.499023 0.555990 0.498535 0.555990 0.498535 0.557292 0.499023 0.557292 0.499512 0.557943 0.499512 0.560547 0.500000 0.561198 0.500000 0.562500 0.500488 0.562500 0.500977 0.563151 0.501465 0.563151 0.501953 0.563802 0.502441 0.563151 0.502930 0.563151 0.502930 0.561849 0.502441 0.561849 0.501953 0.561198 0.501953 0.559896 0.501465 0.559245 0.501465 0.558594 0.500977 0.558594 0.500488 0.557943 0.500488 0.555990 0.500000 0.555990
0 0.463379 0.555990 0.463379 0.557292 0.463867 0.557292 0.464355 0.557943 0.464844 0.557292 0.465332 0.557943 0.465820 0.557943 0.466309 0.558594 0.466797 0.558594 0.467285 0.557943 0.467773 0.557943 0.467773 0.555990 0.467285 0.555990 0.466797 0.555339 0.466309 0.555339 0.465820 0.555990 0.464844 0.555990 0.464355 0.555339 0.463867 0.555990
0 0.472656 0.551432 0.472168 0.552083 0.471680 0.552083 0.471680 0.553385 0.472168 0.554036 0.472656 0.554036 0.473145 0.554688 0.473633 0.554036 0.474121 0.554036 0.474121 0.552734 0.473633 0.552083 0.473145 0.552083
0 0.571289 0.552734 0.570801 0.552734 0.570312 0.552083 0.569824 0.552734 0.569336 0.552734 0.568848 0.552083 0.568359 0.552083 0.567871 0.551432 0.567383 0.551432 0.566895 0.550781 0.566895 0.550130 0.566406 0.549479 0.565918 0.549479 0.565430 0.548828 0.563477 0.548828 0.562988 0.549479 0.562012 0.549479 0.561523 0.550130 0.561035 0.550130 0.560547 0.550781 0.560059 0.550781 0.560059 0.552734 0.560547 0.553385 0.560547 0.556641 0.560059 0.557292 0.560059 0.558594 0.560547 0.558594 0.561035 0.559245 0.561523 0.558594 0.562012 0.558594 0.562500 0.559245 0.562500 0.559896 0.562988 0.559896 0.563477 0.560547 0.563965 0.560547 0.564453 0.561198 0.564941 0.560547 0.565430 0.560547 0.565430 0.559245 0.566406 0.557943 0.566895 0.558594 0.567383 0.558594 0.567871 0.557943 0.568359 0.557943 0.568359 0.556641 0.567871 0.556641 0.567383 0.555990 0.566895 0.555990 0.566406 0.556641 0.565430 0.555339 0.565430 0.553385 0.565918 0.552734 0.566406 0.553385 0.566406 0.554036 0.566895 0.554036 0.567383 0.554688 0.567871 0.554036 0.568359 0.554036 0.568848 0.554688 0.569336 0.554036 0.569824 0.554036 0.570312 0.554688 0.570801 0.554036 0.571289 0.554036
0 0.478516 0.548828 0.478027 0.549479 0.477539 0.549479 0.477539 0.551432 0.478027 0.551432 0.478516 0.552083 0.479004 0.551432 0.479492 0.551432 0.479492 0.549479 0.479004 0.549479
0 0.490723 0.546224 0.490234 0.546875 0.489746 0.546875 0.489746 0.548177 0.490234 0.548828 0.490723 0.548828 0.491211 0.549479 0.491699 0.548828 0.492188 0.548828 0.492188 0.547526 0.491699 0.546875 0.491211 0.546875
0 0.481934 0.546224 0.481445 0.546875 0.480957 0.546875 0.480957 0.548177 0.481445 0.548177 0.481934 0.548828 0.482422 0.548177 0.482910 0.548177 0.482910 0.546875 0.482422 0.546875
0 0.470215 0.546224 0.469727 0.546224 0.469238 0.545573 0.468750 0.546224 0.468262 0.546224 0.468262 0.547526 0.467773 0.548177 0.467285 0.548177 0.466797 0.547526 0.466309 0.548177 0.465820 0.548177 0.465332 0.548828 0.464844 0.548177 0.464355 0.548828 0.463867 0.548828 0.463379 0.549479 0.462891 0.549479 0.462402 0.550130 0.461914 0.550130 0.461914 0.551432 0.462402 0.551432 0.462891 0.552083 0.462402 0.552734 0.461914 0.552734 0.461914 0.554036 0.462402 0.554036 0.462891 0.554688 0.463379 0.554036 0.463867 0.554036 0.463867 0.552734 0.464355 0.552083 0.464844 0.552083 0.465332 0.551432 0.465820 0.551432 0.465820 0.550130 0.466309 0.549479 0.466797 0.550130 0.467285 0.549479 0.467773 0.549479 0.467773 0.548177 0.468262 0.547526 0.468750 0.547526 0.469238 0.548177 0.469727 0.547526 0.470215 0.547526
0 0.474609 0.542318 0.474121 0.542969 0.473633 0.542969 0.473633 0.543620 0.473145 0.544271 0.473145 0.545573 0.473633 0.546224 0.473145 0.546875 0.472656 0.546875 0.472656 0.548177 0.473145 0.548177 0.473633 0.548828 0.474121 0.548177 0.474609 0.548177 0.474609 0.547526 0.475586 0.546224 0.476074 0.546224 0.476074 0.544922 0.475586 0.544271 0.475586 0.542969 0.475098 0.542969
0 0.484863 0.541016 0.484375 0.541667 0.483887 0.541667 0.483887 0.543620 0.484375 0.543620 0.484863 0.544271 0.485352 0.543620 0.485840 0.543620 0.485840 0.541667 0.485352 0.541667
0 0.481934 0.541016 0.481445 0.541667 0.480957 0.541667 0.480957 0.542969 0.481445 0.542969 0.481934 0.543620 0.482422 0.542969 0.482910 0.542969 0.482910 0.541667 0.482422 0.541667
0 0.477051 0.541016 0.477051 0.542318 0.477539 0.542318 0.478027 0.542969 0.478516 0.542969 0.479004 0.542318 0.479492 0.542318 0.479492 0.541016 0.479004 0.541016 0.478516 0.540365 0.478027 0.540365 0.477539 0.541016
0 0.455078 0.541016 0.455078 0.542969 0.455566 0.542969 0.456055 0.543620 0.456055 0.544922 0.456543 0.544922 0.457031 0.545573 0.457520 0.545573 0.458008 0.546224 0.458984 0.546224 0.459473 0.545573 0.459961 0.546224 0.460449 0.545573 0.460938 0.545573 0.460938 0.543620 0.460449 0.543620 0.459961 0.542969 0.458984 0.542969 0.458496 0.542318 0.458496 0.541016 0.458008 0.541016 0.457520 0.540365 0.457031 0.541016 0.456543 0.540365 0.456055 0.540365 0.455566 0.541016
0 0.533203 0.540365 0.533203 0.542318 0.532715 0.542969 0.532227 0.542969 0.532227 0.543620 0.531250 0.544922 0.531250 0.545573 0.530762 0.546224 0.530762 0.548177 0.531738 0.549479 0.531738 0.550130 0.532227 0.550130 0.533203 0.551432 0.533203 0.552083 0.533691 0.552083 0.535156 0.554036 0.535645 0.554036 0.537109 0.555339 0.538086 0.555339 0.539551 0.554036 0.540039 0.554688 0.540527 0.554688 0.541016 0.554036 0.541504 0.554688 0.541992 0.554688 0.543457 0.555990 0.543945 0.555339 0.544434 0.555339 0.544434 0.553385 0.545410 0.551432 0.545898 0.551432 0.546387 0.552083 0.547852 0.551432 0.547852 0.549479 0.546875 0.548177 0.546875 0.545573 0.546387 0.545573 0.545898 0.544922 0.544434 0.546224 0.543945 0.545573 0.542480 0.545573 0.541992 0.544922 0.541504 0.545573 0.541016 0.545573 0.541016 0.546875 0.541504 0.546875 0.541992 0.547526 0.541992 0.548828 0.541504 0.549479 0.541504 0.552083 0.541016 0.552734 0.540527 0.552083 0.540039 0.552083 0.539551 0.552734 0.539062 0.552083 0.538574 0.552734 0.537109 0.551432 0.536133 0.551432 0.534668 0.549479 0.535156 0.548828 0.535645 0.548828 0.536133 0.549479 0.536621 0.548828 0.537109 0.549479 0.537598 0.548828 0.538574 0.548828 0.539062 0.548177 0.539551 0.548177 0.539551 0.546224 0.539062 0.546224 0.538574 0.545573 0.538574 0.544922 0.537109 0.544271 0.536133 0.542318 0.536621 0.541667 0.538086 0.541667 0.538574 0.541016 0.539062 0.541016 0.539062 0.539714 0.538574 0.539714 0.537109 0.538411 0.535645 0.539714 0.534180 0.539714 0.533691 0.540365
0 0.552246 0.535807 0.551758 0.536458 0.551270 0.536458 0.551270 0.537109 0.550781 0.537760 0.550781 0.539062 0.551270 0.539062 0.551758 0.539714 0.552246 0.539062 0.552734 0.539062 0.552734 0.538411 0.553223 0.537760 0.553223 0.536458 0.552734 0.536458
0 0.517578 0.535807 0.517090 0.536458 0.516602 0.536458 0.516602 0.537760 0.517090 0.537760 0.517578 0.538411 0.518066 0.537760 0.518555 0.537760 0.518555 0.536458 0.518066 0.536458
0 0.544434 0.534505 0.543945 0.535156 0.543457 0.535156 0.543457 0.536458 0.543945 0.537109 0.543945 0.537760 0.544434 0.537760 0.544922 0.538411 0.545410 0.537760 0.545898 0.537760 0.545898 0.536458 0.545410 0.535807 0.545410 0.535156 0.544922 0.535156
0 0.530273 0.533854 0.529785 0.534505 0.529297 0.534505 0.529297 0.535807 0.529785 0.536458 0.529785 0.537760 0.530273 0.537760 0.530762 0.538411 0.531250 0.537760 0.531738 0.537760 0.531738 0.537109 0.532227 0.536458 0.532227 0.535156 0.531738 0.535156 0.531250 0.534505 0.530762 0.534505
0 0.534180 0.529297 0.534180 0.534505 0.535156 0.535807 0.535645 0.535807 0.536133 0.536458 0.537109 0.536458 0.537598 0.537109 0.538086 0.537109 0.538574 0.537760 0.539062 0.537760 0.539551 0.537109 0.540039 0.537760 0.541504 0.537760 0.541992 0.537109 0.542480 0.537109 0.542480 0.535807 0.540527 0.533203 0.540527 0.532552 0.541016 0.531901 0.541016 0.530599 0.540527 0.529948 0.540039 0.529948 0.539551 0.529297 0.539062 0.529948 0.538086 0.528646 0.537598 0.528646 0.537109 0.527995 0.535645 0.527995 0.535156 0.528646 0.534668 0.528646
0 0.573242 0.520833 0.572754 0.521484 0.572266 0.521484 0.572266 0.523438 0.572754 0.523438 0.573242 0.524089 0.573730 0.523438 0.574219 0.523438 0.574219 0.521484 0.573730 0.521484
0 0.521973 0.519531 0.520996 0.519531 0.520508 0.520182 0.520020 0.520182 0.519531 0.520833 0.519531 0.521484 0.517090 0.524740 0.517090 0.526042 0.517578 0.526693 0.518066 0.526693 0.518555 0.527344 0.519043 0.527344 0.519531 0.527995 0.519531 0.528646 0.520020 0.528646 0.520508 0.529297 0.520996 0.528646 0.521484 0.528646 0.521484 0.526693 0.522949 0.524740 0.522949 0.520182 0.522461 0.520182
0 0.199219 0.516927 0.199219 0.518229 0.199707 0.518229 0.200195 0.518880 0.200684 0.518880 0.201172 0.519531 0.201660 0.518880 0.202148 0.518880 0.202148 0.517578 0.201660 0.517578 0.201172 0.516927 0.200684 0.516927 0.200195 0.516276 0.199707 0.516927
0 0.551758 0.515625 0.551758 0.516927 0.552246 0.516927 0.552734 0.517578 0.552734 0.518229 0.553223 0.518229 0.553711 0.518880 0.554199 0.518229 0.554688 0.518229 0.554688 0.516927 0.554199 0.516927 0.553711 0.516276 0.553711 0.515625 0.553223 0.515625 0.552734 0.514974 0.552246 0.515625
0 0.542969 0.514974 0.542969 0.518229 0.543945 0.519531 0.543945 0.520182 0.544434 0.520182 0.544922 0.520833 0.546387 0.520833 0.546875 0.520182 0.547363 0.520182 0.547852 0.519531 0.547852 0.518229 0.546387 0.516276 0.546387 0.514974 0.545898 0.514974 0.545410 0.514323 0.544922 0.514323 0.544434 0.514974 0.543945 0.514323 0.543457 0.514974
0 0.198242 0.503906 0.197754 0.504557 0.197266 0.504557 0.197266 0.510417 0.197754 0.511068 0.197754 0.511719 0.198242 0.512370 0.198242 0.513021 0.198730 0.513021 0.199219 0.513672 0.199707 0.513021 0.200195 0.513021 0.200195 0.510417 0.199707 0.509766 0.199707 0.507161 0.199219 0.506510 0.199219 0.504557 0.198730 0.504557
0 0.196289 0.498047 0.195801 0.498698 0.195312 0.498698 0.195312 0.501302 0.195801 0.501302 0.196289 0.501953 0.196777 0.501302 0.197266 0.501302 0.197266 0.498698 0.196777 0.498698
0 0.288574 0.494792 0.288086 0.495443 0.287598 0.495443 0.287598 0.496745 0.288086 0.496745 0.288574 0.497396 0.289062 0.496745 0.289551 0.496745 0.289551 0.495443 0.289062 0.495443
0 0.205078 0.490885 0.204590 0.491536 0.204102 0.491536 0.204102 0.492839 0.204590 0.492839 0.205078 0.493490 0.205566 0.492839 0.206055 0.492839 0.206055 0.491536 0.205566 0.491536
0 0.300781 0.489583 0.300293 0.490234 0.299805 0.490234 0.299805 0.491536 0.300293 0.491536 0.300781 0.492188 0.301270 0.491536 0.301758 0.491536 0.301758 0.490234 0.301270 0.490234
0 0.231445 0.485026 0.230957 0.485677 0.230469 0.485677 0.230469 0.486328 0.229980 0.486979 0.229980 0.489583 0.230469 0.490234 0.230469 0.490885 0.230957 0.491536 0.230957 0.492188 0.231445 0.492839 0.231445 0.493490 0.231934 0.494141 0.231934 0.496745 0.231445 0.497396 0.231445 0.499349 0.231934 0.500000 0.231934 0.503906 0.233887 0.506510 0.234375 0.506510 0.234863 0.507161 0.235352 0.506510 0.235840 0.506510 0.236816 0.505208 0.236816 0.503906 0.237305 0.503255 0.237305 0.499349 0.236816 0.498698 0.236816 0.495443 0.236328 0.494792 0.236328 0.492839 0.235840 0.492188 0.235840 0.489583 0.235352 0.488932 0.235352 0.487630 0.234863 0.486979 0.234863 0.485677 0.234375 0.485677 0.233887 0.485026 0.233398 0.485677 0.231934 0.485677
0 0.204590 0.484375 0.204102 0.485026 0.203613 0.485026 0.203125 0.485677 0.203125 0.486979 0.203613 0.487630 0.204102 0.487630 0.204590 0.488281 0.205078 0.487630 0.205566 0.487630 0.205566 0.485026 0.205078 0.485026
0 0.297363 0.478516 0.296875 0.479167 0.296387 0.479167 0.296387 0.481120 0.296875 0.481120 0.297363 0.481771 0.297852 0.481120 0.298340 0.481120 0.298340 0.479167 0.297852 0.479167
0 0.447266 0.468750 0.446777 0.469401 0.446289 0.469401 0.446289 0.470703 0.446777 0.470703 0.447266 0.471354 0.447754 0.470703 0.448242 0.470703 0.448242 0.469401 0.447754 0.469401
0 0.454102 0.466146 0.453613 0.466797 0.453125 0.466797 0.453125 0.468099 0.453613 0.468099 0.454102 0.468750 0.454590 0.468099 0.455078 0.468099 0.455078 0.466797 0.454590 0.466797
0 0.350586 0.462891 0.350098 0.463542 0.349609 0.463542 0.348633 0.464844 0.348633 0.466146 0.348145 0.466797 0.348145 0.469401 0.347656 0.470052 0.347656 0.476562 0.348145 0.477214 0.345703 0.480469 0.345703 0.485026 0.346191 0.485677 0.346191 0.486979 0.347168 0.488281 0.347656 0.488281 0.348145 0.488932 0.349609 0.488932 0.350098 0.489583 0.350586 0.489583 0.351074 0.490234 0.352051 0.490234 0.353027 0.491536 0.353516 0.491536 0.354004 0.492188 0.354492 0.492188 0.354980 0.491536 0.355469 0.491536 0.355469 0.488932 0.356934 0.486979 0.356934 0.481771 0.356445 0.481120 0.356445 0.480469 0.355957 0.479818 0.355957 0.479167 0.354980 0.477865 0.354980 0.477214 0.353516 0.475260 0.353516 0.474609 0.353027 0.473958 0.353027 0.468099 0.352539 0.467448 0.352539 0.464844 0.351562 0.463542 0.351074 0.463542
0 0.297852 0.462891 0.297363 0.463542 0.296875 0.463542 0.296875 0.465495 0.297363 0.466146 0.297852 0.466146 0.298340 0.466797 0.298828 0.466146 0.299316 0.466146 0.299316 0.463542 0.298828 0.463542 0.298340 0.462891
0 0.439941 0.455729 0.439941 0.462891 0.440430 0.463542 0.440430 0.464193 0.441406 0.465495 0.441406 0.466146 0.441895 0.466146 0.442383 0.466797 0.442871 0.466146 0.444336 0.468099 0.444824 0.468099 0.445312 0.468750 0.445801 0.468099 0.446289 0.468099 0.446289 0.466797 0.445801 0.466146 0.445312 0.466146 0.444824 0.465495 0.445312 0.464844 0.446289 0.464844 0.446777 0.464193 0.448730 0.464193 0.449219 0.463542 0.449707 0.464193 0.450195 0.463542 0.451660 0.463542 0.452148 0.464193 0.452637 0.463542 0.453125 0.463542 0.453613 0.464193 0.454102 0.464193 0.455078 0.465495 0.455566 0.465495 0.456055 0.466146 0.456543 0.465495 0.457031 0.465495 0.457031 0.464193 0.457520 0.463542 0.458008 0.463542 0.458008 0.461589 0.457520 0.461589 0.456543 0.460286 0.456543 0.459635 0.456055 0.458984 0.456055 0.458333 0.455566 0.458333 0.455078 0.457682 0.455078 0.457031 0.454590 0.456380 0.454590 0.455729 0.454102 0.455729 0.453613 0.455078 0.452637 0.455078 0.452148 0.455729 0.451660 0.455729 0.450684 0.457031 0.449707 0.457031 0.449219 0.457682 0.448730 0.457682 0.447754 0.458984 0.447266 0.458984 0.446777 0.459635 0.446289 0.459635 0.445312 0.458333 0.445312 0.457031 0.444336 0.455729 0.443848 0.455729 0.443359 0.455078 0.440918 0.455078 0.440430 0.455729
0 0.198730 0.444661 0.198242 0.444661 0.197754 0.444010 0.197266 0.444661 0.196777 0.444661 0.196777 0.445312 0.195801 0.446615 0.195312 0.446615 0.194824 0.445964 0.194336 0.446615 0.193848 0.446615 0.193359 0.447266 0.193359 0.448568 0.193848 0.448568 0.194336 0.449219 0.194824 0.448568 0.195312 0.448568 0.195801 0.447917 0.196289 0.448568 0.196777 0.448568 0.197266 0.449219 0.197754 0.448568 0.198242 0.448568 0.198242 0.446615 0.198730 0.445964
0 0.467285 0.446615 0.467285 0.448568 0.466797 0.449219 0.466797 0.450521 0.467285 0.451172 0.467285 0.453125 0.464844 0.457682 0.464844 0.461589 0.465332 0.462240 0.465332 0.462891 0.466797 0.464193 0.468750 0.464193 0.469238 0.464844 0.470703 0.464844 0.471191 0.464193 0.475586 0.464193 0.476074 0.463542 0.478027 0.463542 0.478516 0.464193 0.479004 0.464193 0.479492 0.464844 0.479492 0.465495 0.481934 0.468750 0.482422 0.468750 0.483887 0.470052 0.484863 0.470052 0.485352 0.469401 0.486816 0.469401 0.487305 0.468750 0.487793 0.468750 0.488770 0.467448 0.488770 0.465495 0.489258 0.464844 0.489746 0.465495 0.490723 0.465495 0.491211 0.466146 0.492188 0.466146 0.492676 0.466797 0.494629 0.466797 0.495117 0.467448 0.496582 0.467448 0.497070 0.468099 0.498535 0.468099 0.499023 0.467448 0.499512 0.467448 0.499512 0.464193 0.499023 0.463542 0.499023 0.460938 0.498047 0.459635 0.496582 0.458984 0.496094 0.459635 0.495117 0.459635 0.494629 0.460286 0.494141 0.460286 0.494141 0.460938 0.493652 0.461589 0.493164 0.460938 0.492676 0.461589 0.489746 0.456380 0.489258 0.456380 0.488770 0.455729 0.485352 0.455729 0.484863 0.455078 0.484375 0.455078 0.483887 0.454427 0.483887 0.453776 0.483398 0.453776 0.482910 0.453125 0.481934 0.453125 0.480957 0.451823 0.480957 0.451172 0.480469 0.451172 0.479980 0.450521 0.479980 0.449219 0.479492 0.448568 0.479004 0.446615 0.478516 0.446615 0.477051 0.444010 0.476562 0.444010 0.476074 0.443359 0.475586 0.444010 0.473145 0.440755 0.472656 0.440755 0.472168 0.440104 0.470703 0.440755 0.470215 0.441406 0.470215 0.443359 0.469727 0.444010 0.469727 0.444661
0 0.285645 0.439453 0.285156 0.440104 0.284668 0.440104 0.284668 0.442708 0.284180 0.443359 0.283691 0.443359 0.283203 0.444010 0.283203 0.445312 0.283691 0.445312 0.284180 0.445964 0.284668 0.445964 0.285156 0.446615 0.285645 0.446615 0.286133 0.445964 0.286621 0.445964 0.286621 0.444010 0.287109 0.443359 0.287109 0.440755 0.286621 0.440104 0.286133 0.440104
0 0.280762 0.433594 0.280273 0.433594 0.279785 0.434245 0.279297 0.434245 0.278809 0.434896 0.278809 0.442057 0.278320 0.442708 0.277832 0.442708 0.277344 0.442057 0.276855 0.442708 0.276367 0.442708 0.275879 0.443359 0.275391 0.443359 0.275391 0.445312 0.274902 0.445964 0.274902 0.447266 0.275391 0.447917 0.275391 0.448568 0.275879 0.449219 0.275879 0.449870 0.276367 0.450521 0.276367 0.451172 0.276855 0.451823 0.276855 0.452474 0.277344 0.453125 0.277832 0.453125 0.278320 0.453776 0.278809 0.453125 0.279297 0.453125 0.279297 0.451172 0.278809 0.450521 0.278809 0.449219 0.278320 0.448568 0.278320 0.445312 0.278809 0.444661 0.279785 0.445964 0.279785 0.447917 0.280273 0.448568 0.280273 0.449870 0.280762 0.449870 0.281250 0.450521 0.281738 0.449870 0.282227 0.449870 0.282227 0.445312 0.281738 0.444661 0.281738 0.439453 0.282227 0.438802 0.282227 0.434896 0.281738 0.434245 0.281250 0.434245
0 0.291016 0.430339 0.290527 0.430990 0.290039 0.430990 0.290039 0.432292 0.290527 0.432292 0.291016 0.432943 0.291504 0.432292 0.291992 0.432292 0.291992 0.430990 0.291504 0.430990
0 0.187012 0.398438 0.186523 0.399089 0.186035 0.399089 0.185547 0.399740 0.185547 0.410807 0.186035 0.411458 0.186035 0.412109 0.186523 0.412109 0.187012 0.412760 0.187500 0.412760 0.187988 0.412109 0.188477 0.412109 0.188477 0.404297 0.188965 0.403646 0.188965 0.399740 0.188477 0.399089 0.187988 0.399089 0.187500 0.398438
0 0.197754 0.396484 0.197266 0.396484 0.196777 0.397135 0.195312 0.397786 0.194336 0.399089 0.194336 0.406250 0.193848 0.406901 0.193848 0.408203 0.193359 0.408854 0.193359 0.410156 0.192871 0.410807 0.192871 0.412109 0.192383 0.412760 0.192383 0.425781 0.192871 0.426432 0.192871 0.427734 0.193359 0.428385 0.193359 0.429036 0.194336 0.430339 0.194336 0.431641 0.194824 0.432292 0.194824 0.433594 0.195312 0.434245 0.195312 0.435547 0.195801 0.436198 0.195801 0.438151 0.196289 0.438802 0.196289 0.442057 0.196777 0.442057 0.197266 0.442708 0.197754 0.442057 0.198242 0.442057 0.198242 0.437500 0.198730 0.436849 0.198730 0.434896 0.197754 0.433594 0.197754 0.432292 0.197266 0.431641 0.197266 0.428385 0.196289 0.427083 0.196289 0.426432 0.196777 0.425781 0.197266 0.425781 0.197754 0.426432 0.198242 0.425781 0.199707 0.425130 0.199707 0.424479 0.200195 0.423828 0.200195 0.421875 0.199219 0.420573 0.199219 0.419271 0.198730 0.418620 0.198730 0.414062 0.198242 0.413411 0.198730 0.412760 0.199219 0.412760 0.199219 0.411458 0.198730 0.410807 0.198730 0.410156 0.199219 0.409505 0.199219 0.407552 0.198730 0.407552 0.198242 0.406901 0.196777 0.407552 0.196289 0.406901 0.196289 0.406250 0.196777 0.405599 0.198242 0.404948 0.198242 0.401042 0.198730 0.400391 0.198730 0.397135 0.198242 0.397135
0 0.438477 0.372396 0.437988 0.372396 0.437500 0.371745 0.436035 0.371745 0.435547 0.371094 0.434082 0.371094 0.433594 0.371745 0.433105 0.371745 0.432617 0.372396 0.432617 0.375651 0.433105 0.376302 0.433105 0.376953 0.432617 0.377604 0.432617 0.378906 0.432129 0.379557 0.432129 0.380859 0.431641 0.381510 0.431641 0.382812 0.432129 0.383464 0.432129 0.384115 0.432617 0.384115 0.433105 0.384766 0.435059 0.384766 0.435547 0.384115 0.436035 0.384115 0.436523 0.383464 0.436523 0.382161 0.437012 0.381510 0.437012 0.380859 0.437500 0.380208 0.437500 0.379557 0.437988 0.378906 0.437988 0.378255 0.438965 0.376953 0.438965 0.373047
0 0.199707 0.362630 0.199219 0.363281 0.198730 0.363281 0.198730 0.376953 0.199219 0.377604 0.199219 0.378255 0.199707 0.378906 0.199707 0.379557 0.200195 0.379557 0.200684 0.380208 0.201660 0.380208 0.202148 0.380859 0.202637 0.380208 0.203125 0.380208 0.203125 0.379557 0.203613 0.378906 0.203613 0.377604 0.203125 0.376953 0.203125 0.375651 0.202637 0.375651 0.202148 0.375000 0.201660 0.375000 0.201172 0.374349 0.201660 0.373698 0.201660 0.365234 0.201172 0.364583 0.201172 0.363281 0.200684 0.363281 0.200195 0.362630
0 0.186035 0.359375 0.185547 0.360026 0.185059 0.360026 0.185059 0.362630 0.185547 0.362630 0.186035 0.363281 0.186523 0.362630 0.187012 0.362630 0.187012 0.360026 0.186523 0.360026
0 0.316895 0.358073 0.314941 0.360677 0.314453 0.368490 0.312988 0.373698 0.313477 0.381510 0.315918 0.386719 0.314453 0.399089 0.316406 0.406250 0.316406 0.410156 0.317871 0.412109 0.318359 0.421875 0.321289 0.425130 0.322266 0.443359 0.325684 0.447266 0.327637 0.455078 0.327637 0.458333 0.325195 0.462240 0.326172 0.466797 0.326172 0.479167 0.330566 0.485677 0.329590 0.486328 0.329590 0.488281 0.330566 0.488932 0.333496 0.488281 0.335449 0.486328 0.342285 0.486979 0.343262 0.486328 0.344727 0.480469 0.344238 0.477214 0.341309 0.477214 0.341309 0.479167 0.338867 0.481120 0.335449 0.475260 0.334961 0.471354 0.333008 0.470052 0.334473 0.465495 0.336914 0.465495 0.340332 0.460938 0.340820 0.447917 0.338867 0.445312 0.334961 0.447266 0.333008 0.444661 0.332031 0.430990 0.333008 0.429036 0.333984 0.419271 0.332520 0.414714 0.324707 0.401693 0.324707 0.395833 0.328613 0.391276 0.329102 0.386068 0.328125 0.383464 0.323242 0.380859 0.320801 0.384766 0.319824 0.384115 0.319824 0.382161 0.322754 0.378906 0.322754 0.376953 0.320312 0.371094 0.321289 0.365234 0.319336 0.359375
0 0.506348 0.349609 0.505859 0.350260 0.505371 0.350260 0.504883 0.350911 0.504883 0.352214 0.504395 0.352865 0.504395 0.354167 0.503906 0.354818 0.503906 0.356120 0.503418 0.356771 0.503418 0.358724 0.502930 0.359375 0.502930 0.363932 0.503418 0.364583 0.503418 0.365885 0.503906 0.366536 0.504395 0.366536 0.504883 0.367188 0.506348 0.367188 0.506836 0.367839 0.507324 0.367188 0.508789 0.367188 0.509277 0.366536 0.509766 0.366536 0.509766 0.365885 0.510254 0.365234 0.510254 0.362630 0.508301 0.360026 0.508301 0.352214 0.507812 0.351562 0.507812 0.350260 0.507324 0.350260 0.506836 0.349609
0 0.504395 0.344401 0.503906 0.345052 0.503418 0.345052 0.503418 0.347005 0.503906 0.347656 0.503906 0.348307 0.504395 0.348307 0.504883 0.348958 0.505371 0.348307 0.505859 0.348307 0.505859 0.345052 0.505371 0.345052 0.504883 0.344401
0 0.363770 0.337240 0.363281 0.337240 0.362793 0.336589 0.362305 0.337240 0.361328 0.337240 0.360840 0.337891 0.360352 0.337891 0.360352 0.339193 0.359863 0.339844 0.359375 0.339844 0.358398 0.341797 0.358398 0.343750 0.357910 0.344401 0.357422 0.344401 0.357422 0.345703 0.356445 0.347005 0.355957 0.347005 0.355469 0.348958 0.354980 0.349609 0.354492 0.349609 0.354004 0.351562 0.353516 0.352214 0.353027 0.352214 0.353027 0.352865 0.351562 0.354818 0.351562 0.356120 0.351074 0.356771 0.349609 0.357422 0.348145 0.359375 0.346680 0.360026 0.346680 0.361328 0.346191 0.361979 0.345703 0.361979 0.345703 0.363281 0.345215 0.363932 0.344727 0.363932 0.343262 0.365885 0.343262 0.367188 0.342773 0.367839 0.342773 0.371745 0.343262 0.371745 0.344727 0.373047 0.345215 0.372396 0.345703 0.372396 0.346680 0.371094 0.347168 0.371094 0.347656 0.370443 0.347656 0.369792 0.349121 0.367839 0.349121 0.367188 0.350586 0.365234 0.350586 0.364583 0.352051 0.362630 0.352051 0.361979 0.352539 0.361328 0.353027 0.361328 0.355469 0.358073 0.355957 0.358073 0.356445 0.357422 0.356445 0.356771 0.358887 0.353516 0.358887 0.352865 0.359863 0.351562 0.359863 0.350911 0.360352 0.350260 0.361816 0.349609 0.362793 0.347656 0.364258 0.347005 0.364258 0.346354 0.364746 0.345703 0.364746 0.343099 0.363281 0.341797 0.363281 0.341146 0.363770 0.340495
0 0.310059 0.337891 0.310059 0.338542 0.309570 0.339193 0.309570 0.345052 0.310059 0.345703 0.310547 0.345703 0.311035 0.346354 0.311523 0.346354 0.312012 0.347005 0.312500 0.346354 0.312988 0.346354 0.313477 0.345703 0.313965 0.346354 0.314941 0.346354 0.315430 0.345703 0.315918 0.345703 0.316406 0.345052 0.316895 0.345052 0.316895 0.343099 0.316406 0.342448 0.316406 0.341797 0.315918 0.341146 0.315918 0.339193 0.315430 0.339193 0.314941 0.338542 0.314941 0.337891 0.314453 0.337891 0.313965 0.337240 0.312988 0.337240 0.312500 0.336589 0.311523 0.336589 0.311035 0.337240 0.310547 0.337240
0 0.487793 0.328776 0.484863 0.330078 0.484863 0.330729 0.484375 0.331380 0.484375 0.335286 0.483398 0.336589 0.482910 0.335938 0.481934 0.335938 0.481445 0.336589 0.479980 0.337240 0.479980 0.340495 0.480469 0.341146 0.480469 0.342448 0.480957 0.342448 0.481445 0.343099 0.480469 0.345052 0.479004 0.345703 0.478027 0.347005 0.478027 0.348958 0.479492 0.350911 0.479492 0.351562 0.480469 0.353516 0.480469 0.355469 0.480957 0.356120 0.480957 0.365885 0.481445 0.366536 0.481445 0.367188 0.482910 0.368490 0.485840 0.368490 0.487305 0.367188 0.487305 0.365234 0.487793 0.364583 0.487793 0.358073 0.488281 0.357422 0.489746 0.356771 0.490723 0.355469 0.490723 0.350260 0.490234 0.349609 0.490234 0.348958 0.489258 0.347656 0.489258 0.344401 0.489746 0.343750 0.489746 0.342448 0.490234 0.341797 0.490234 0.337891 0.491699 0.335938 0.492188 0.335938 0.492188 0.333333 0.490723 0.331380 0.490723 0.330729 0.490234 0.330078 0.489746 0.330078 0.489258 0.329427 0.488281 0.329427
0 0.360352 0.315755 0.359863 0.315755 0.359375 0.315104 0.358398 0.315104 0.357910 0.315755 0.357422 0.315755 0.357422 0.316406 0.356445 0.318359 0.355957 0.318359 0.355469 0.319010 0.354980 0.319010 0.354004 0.320312 0.353516 0.320312 0.353516 0.322266 0.352539 0.323568 0.352051 0.322917 0.351562 0.323568 0.351074 0.323568 0.350586 0.324219 0.350586 0.324870 0.350098 0.325521 0.349609 0.325521 0.349609 0.327474 0.346680 0.331380 0.346680 0.333333 0.344238 0.336589 0.343750 0.336589 0.343750 0.339193 0.343262 0.339844 0.341797 0.340495 0.341797 0.342448 0.341309 0.343099 0.341309 0.344401 0.340820 0.345052 0.340332 0.345052 0.340332 0.345703 0.339844 0.346354 0.339355 0.346354 0.339355 0.348307 0.339844 0.348958 0.339844 0.350911 0.340332 0.351562 0.340332 0.353516 0.341309 0.355469 0.341797 0.355469 0.342285 0.356120 0.342773 0.355469 0.343262 0.355469 0.343262 0.354818 0.343750 0.354167 0.344238 0.352214 0.345703 0.350260 0.346191 0.350260 0.347168 0.348958 0.347168 0.348307 0.348633 0.346354 0.348633 0.345703 0.350586 0.343099 0.351074 0.343099 0.351074 0.342448 0.351562 0.341797 0.351562 0.339844 0.352539 0.338542 0.353027 0.338542 0.353027 0.336589 0.353516 0.335938 0.354004 0.335938 0.354980 0.334635 0.355469 0.334635 0.357422 0.332031 0.358398 0.332031 0.359863 0.330729 0.359863 0.326823 0.362305 0.322266 0.362305 0.318359
0 0.305664 0.294922 0.305176 0.295573 0.304688 0.295573 0.304688 0.297526 0.305176 0.298177 0.305664 0.298177 0.306152 0.298828 0.306641 0.298177 0.307129 0.298177 0.307129 0.296875 0.306641 0.296224 0.306641 0.295573 0.306152 0.295573
0 0.355957 0.294922 0.355469 0.294922 0.354980 0.294271 0.354004 0.294271 0.353516 0.294922 0.353027 0.294922 0.351562 0.296875 0.351562 0.297526 0.349121 0.300130 0.349121 0.302083 0.348633 0.302734 0.348633 0.304036 0.347656 0.305339 0.347168 0.305339 0.346680 0.305990 0.346191 0.305990 0.345703 0.305339 0.345215 0.305990 0.344727 0.305990 0.344727 0.307292 0.343262 0.309245 0.343262 0.309896 0.342773 0.310547 0.342773 0.311849 0.343262 0.312500 0.341797 0.314453 0.341309 0.313802 0.340820 0.314453 0.340332 0.314453 0.339355 0.315755 0.339355 0.319010 0.338867 0.319661 0.338867 0.320312 0.337402 0.322266 0.336914 0.322266 0.336914 0.323568 0.337402 0.324219 0.337402 0.324870 0.335938 0.326172 0.335938 0.327474 0.336914 0.328776 0.336914 0.330729 0.337891 0.332682 0.339355 0.333333 0.339844 0.332682 0.340332 0.332682 0.340332 0.332031 0.340820 0.331380 0.341309 0.331380 0.341309 0.330729 0.341797 0.330078 0.342285 0.328125 0.342773 0.327474 0.343262 0.327474 0.343262 0.326823 0.343750 0.326172 0.344238 0.324219 0.344727 0.323568 0.345215 0.323568 0.345215 0.322917 0.347168 0.319661 0.347168 0.318359 0.347656 0.317708 0.349121 0.317057 0.349609 0.315104 0.352051 0.311849 0.352051 0.311198 0.352539 0.310547 0.353027 0.310547 0.353027 0.309896 0.353516 0.309245 0.354004 0.309245 0.354980 0.307943 0.355469 0.307943 0.355469 0.307292 0.355957 0.306641 0.355957 0.304036 0.356445 0.303385 0.356934 0.303385 0.356934 0.302734 0.357422 0.302083 0.357422 0.298828 0.356934 0.298177 0.356934 0.296875
0 0.475098 0.282552 0.474121 0.282552 0.473633 0.283203 0.473145 0.283203 0.472656 0.283854 0.472168 0.283854 0.472168 0.285156 0.471680 0.285807 0.471680 0.288411 0.472168 0.289062 0.472168 0.291016 0.473145 0.292318 0.473145 0.292969 0.472656 0.293620 0.472168 0.293620 0.472168 0.294922 0.472656 0.294922 0.473145 0.295573 0.473633 0.294922 0.474121 0.294922 0.474121 0.294271 0.474609 0.293620 0.475098 0.293620 0.475098 0.291667 0.475586 0.291016 0.475586 0.289062 0.476074 0.288411 0.476074 0.285807 0.476562 0.285156 0.476562 0.283854 0.476074 0.283203 0.475586 0.283203
0 0.496582 0.275391 0.495117 0.275391 0.493164 0.277344 0.492676 0.277344 0.491699 0.278646 0.491699 0.279297 0.490723 0.280599 0.490234 0.280599 0.489746 0.281901 0.489258 0.281250 0.488281 0.281901 0.488281 0.283203 0.487793 0.283854 0.484863 0.285807 0.484375 0.287109 0.484375 0.289062 0.483398 0.290365 0.483398 0.291667 0.482422 0.292969 0.480469 0.293620 0.480469 0.294271 0.479492 0.295573 0.478027 0.296224 0.477539 0.297526 0.473633 0.300130 0.473145 0.302734 0.472168 0.304036 0.470703 0.304688 0.470215 0.305990 0.469238 0.306641 0.469238 0.307292 0.468262 0.307943 0.468262 0.308594 0.467285 0.309896 0.466797 0.309896 0.465820 0.311849 0.465332 0.311849 0.465332 0.313151 0.464844 0.313802 0.464844 0.317057 0.466309 0.320312 0.467773 0.320964 0.470703 0.319010 0.470703 0.316406 0.472656 0.315104 0.472656 0.313802 0.473145 0.313151 0.473633 0.313802 0.474609 0.313151 0.474609 0.311198 0.475098 0.310547 0.476562 0.309896 0.477539 0.308594 0.478027 0.309245 0.479004 0.308594 0.479004 0.306641 0.479492 0.305339 0.481445 0.302734 0.481445 0.302083 0.484375 0.298828 0.484375 0.297526 0.485352 0.294922 0.487793 0.297526 0.489258 0.296875 0.489746 0.295573 0.489746 0.293620 0.487305 0.291016 0.488281 0.286458 0.489258 0.285156 0.490234 0.285807 0.490723 0.285156 0.494629 0.287760 0.496094 0.287109 0.497070 0.285807 0.497070 0.280599 0.498047 0.277995 0.498047 0.276693
0 0.354980 0.271484 0.352539 0.270182 0.351074 0.271484 0.351074 0.272135 0.350098 0.273438 0.350098 0.274089 0.349609 0.274740 0.348633 0.274740 0.348145 0.275391 0.347656 0.275391 0.347656 0.276042 0.346680 0.277995 0.346680 0.279948 0.343750 0.283203 0.342773 0.286458 0.342285 0.287109 0.341797 0.287109 0.341797 0.289062 0.341309 0.289714 0.340820 0.289714 0.337891 0.293620 0.337402 0.293620 0.337402 0.295573 0.336914 0.296224 0.336426 0.296224 0.335449 0.297526 0.335449 0.298828 0.333984 0.300781 0.333984 0.302083 0.333008 0.304036 0.333008 0.305339 0.333984 0.306641 0.333984 0.309896 0.334473 0.310547 0.334473 0.311849 0.335938 0.312500 0.336426 0.311849 0.337891 0.311198 0.337891 0.310547 0.341797 0.304688 0.341797 0.304036 0.342285 0.303385 0.342285 0.302734 0.343262 0.301432 0.344238 0.298177 0.345215 0.296875 0.345703 0.296875 0.347168 0.294922 0.347168 0.293620 0.348145 0.292318 0.348633 0.292318 0.348633 0.291667 0.350586 0.288411 0.350586 0.285807 0.351562 0.284505 0.352051 0.284505 0.352051 0.283854 0.352539 0.283203 0.354004 0.284505 0.354492 0.283854 0.354980 0.283854 0.354980 0.282552 0.354492 0.282552 0.354004 0.281901 0.353516 0.282552 0.353027 0.282552 0.352539 0.281901 0.353516 0.280599 0.354004 0.280599 0.354492 0.279948 0.354492 0.278646 0.354004 0.278646 0.353516 0.277995 0.353516 0.277344 0.354004 0.276693 0.354492 0.276693 0.354492 0.276042 0.354980 0.275391
0 0.426270 0.259115 0.425781 0.259766 0.425293 0.259766 0.424805 0.260417 0.424316 0.260417 0.423828 0.261068 0.423828 0.262370 0.423340 0.263021 0.423340 0.266927 0.422852 0.267578 0.422852 0.268880 0.423340 0.269531 0.423340 0.270833 0.423828 0.271484 0.424316 0.271484 0.425293 0.272786 0.425293 0.273438 0.425781 0.274089 0.426270 0.274089 0.426758 0.274740 0.426758 0.275391 0.426270 0.276042 0.425781 0.276042 0.425781 0.277344 0.426270 0.277344 0.426758 0.277995 0.428711 0.277995 0.429199 0.277344 0.429688 0.277344 0.429688 0.276042 0.429199 0.276042 0.428223 0.274740 0.428711 0.274089 0.429199 0.274089 0.429199 0.272786 0.428223 0.271484 0.428223 0.270833 0.427734 0.270833 0.427246 0.270182 0.427246 0.267578 0.426758 0.266927 0.426758 0.266276 0.427246 0.265625 0.427734 0.266276 0.428223 0.266276 0.428711 0.266927 0.429199 0.266276 0.429688 0.266276 0.429688 0.261068 0.429199 0.261068 0.428711 0.260417 0.428223 0.260417 0.427734 0.259766 0.426758 0.259766
0 0.300781 0.257812 0.300293 0.258464 0.299805 0.258464 0.299805 0.261719 0.300293 0.262370 0.300781 0.262370 0.301270 0.263021 0.301758 0.262370 0.302246 0.262370 0.302246 0.259766 0.301758 0.259115 0.301758 0.258464 0.301270 0.258464
0 0.273926 0.253255 0.272949 0.253255 0.272461 0.253906 0.271973 0.253906 0.271973 0.255208 0.271484 0.255859 0.271484 0.257161 0.270996 0.257812 0.270996 0.259766 0.270508 0.260417 0.270020 0.260417 0.269531 0.261068 0.269043 0.261068 0.269043 0.263021 0.270020 0.264323 0.270508 0.264323 0.270996 0.264974 0.271484 0.264323 0.272461 0.264323 0.272949 0.264974 0.273438 0.264323 0.273926 0.264974 0.274414 0.264323 0.274902 0.264323 0.274902 0.261068 0.274414 0.261068 0.273926 0.260417 0.273926 0.259766 0.274414 0.259115 0.274902 0.259115 0.274902 0.253906 0.274414 0.253906
0 0.350586 0.248698 0.349121 0.248047 0.348633 0.248698 0.348145 0.248698 0.347168 0.250000 0.347168 0.250651 0.345215 0.253255 0.345215 0.255208 0.344238 0.256510 0.343750 0.256510 0.342285 0.258464 0.342285 0.259115 0.341309 0.260417 0.341309 0.261719 0.341797 0.262370 0.340820 0.263672 0.340332 0.263672 0.339844 0.264323 0.339844 0.264974 0.338867 0.266276 0.338379 0.266276 0.338379 0.266927 0.336426 0.270182 0.335938 0.272135 0.333984 0.274740 0.333496 0.276693 0.332520 0.277995 0.332031 0.277995 0.332031 0.278646 0.330566 0.281901 0.330566 0.283203 0.330078 0.283854 0.329590 0.283854 0.329590 0.285807 0.330078 0.286458 0.330078 0.287760 0.330566 0.287760 0.331543 0.289062 0.332031 0.291016 0.332520 0.291016 0.333008 0.291667 0.334473 0.291016 0.334473 0.290365 0.337891 0.285807 0.338379 0.283854 0.339355 0.282552 0.339844 0.282552 0.339844 0.281901 0.340820 0.280599 0.341309 0.278646 0.343262 0.276042 0.343262 0.275391 0.344238 0.274089 0.344238 0.273438 0.344727 0.272786 0.345215 0.272786 0.345215 0.270833 0.345703 0.270182 0.345703 0.269531 0.349121 0.264974 0.349609 0.263021 0.351074 0.261719 0.351074 0.260417 0.352051 0.258464 0.352051 0.255859 0.352539 0.255208 0.352539 0.252604 0.352051 0.251953 0.352051 0.251302 0.351562 0.251302 0.350586 0.250000
0 0.410645 0.240234 0.409668 0.240885 0.409668 0.243490 0.411133 0.245443 0.407715 0.248047 0.407715 0.251302 0.408691 0.253906 0.408203 0.261068 0.406738 0.263021 0.405762 0.259766 0.404785 0.259115 0.402344 0.259766 0.401367 0.266927 0.402344 0.269531 0.402344 0.272786 0.409180 0.276042 0.411133 0.279948 0.409180 0.283203 0.409180 0.286458 0.414551 0.298177 0.417480 0.300781 0.419434 0.300130 0.421875 0.300781 0.421387 0.303385 0.418945 0.305990 0.417969 0.317708 0.416992 0.319661 0.416992 0.322917 0.419922 0.329427 0.419922 0.331380 0.418457 0.333333 0.418945 0.339193 0.421387 0.341146 0.423828 0.339193 0.424316 0.335286 0.423828 0.328125 0.426270 0.323568 0.425781 0.320312 0.427246 0.317708 0.429199 0.309896 0.431152 0.309245 0.434082 0.313151 0.436523 0.312500 0.437012 0.302734 0.434082 0.297526 0.433105 0.291016 0.428223 0.287760 0.426270 0.284505 0.425293 0.283854 0.424316 0.284505 0.423340 0.283203 0.420898 0.276693 0.421387 0.276042 0.420898 0.271484 0.418945 0.270182 0.417969 0.264323 0.414062 0.261719 0.412598 0.257161 0.413086 0.255859 0.412598 0.248047 0.411133 0.246094 0.412598 0.244141 0.412598 0.240885
0 0.296875 0.235026 0.296387 0.235677 0.295898 0.235677 0.295898 0.236328 0.295410 0.236979 0.295410 0.242188 0.296875 0.244141 0.296875 0.245443 0.298340 0.247396 0.298340 0.248047 0.298828 0.248698 0.298828 0.251302 0.299316 0.251953 0.299316 0.253906 0.299805 0.253906 0.300293 0.254557 0.300293 0.255208 0.300781 0.255208 0.301270 0.255859 0.301758 0.255208 0.302246 0.255208 0.302246 0.252604 0.302734 0.251953 0.302734 0.244792 0.302246 0.244792 0.300781 0.242839 0.300293 0.242839 0.299316 0.241536 0.299316 0.238281 0.298828 0.237630 0.298828 0.236328 0.298340 0.235677 0.297852 0.235677 0.297363 0.235026
0 0.014648 0.234375 0.014160 0.234375 0.013672 0.233724 0.013184 0.234375 0.012695 0.233724 0.012207 0.234375 0.011719 0.234375 0.011230 0.233724 0.010742 0.233724 0.010254 0.234375 0.009766 0.234375 0.009766 0.235026 0.008789 0.236328 0.008301 0.235677 0.007812 0.235677 0.007324 0.235026 0.006836 0.235677 0.006348 0.235677 0.006348 0.236979 0.005859 0.237630 0.004883 0.237630 0.004395 0.238281 0.003906 0.238281 0.003906 0.239583 0.004395 0.239583 0.004883 0.240234 0.005371 0.240234 0.005859 0.240885 0.006348 0.240885 0.007324 0.242188 0.007324 0.242839 0.007812 0.242839 0.008301 0.243490 0.008789 0.242839 0.009277 0.242839 0.009277 0.241536 0.009766 0.240885 0.010254 0.240885 0.010742 0.240234 0.011230 0.240885 0.011719 0.240885 0.012207 0.240234 0.012695 0.240234 0.012695 0.238281 0.012207 0.237630 0.012207 0.236979 0.012695 0.236328 0.013672 0.236328 0.014160 0.235677 0.014648 0.235677
0 0.348145 0.227214 0.347656 0.227214 0.347168 0.226562 0.346191 0.226562 0.344727 0.227865 0.344727 0.228516 0.343262 0.230469 0.343262 0.231120 0.342285 0.232422 0.341797 0.232422 0.341797 0.233073 0.340332 0.235026 0.340332 0.236328 0.338867 0.237630 0.338867 0.238281 0.338379 0.238932 0.338379 0.239583 0.337402 0.240885 0.337402 0.241536 0.336914 0.242188 0.336426 0.242188 0.336426 0.243490 0.334961 0.245443 0.334473 0.245443 0.334473 0.246745 0.333496 0.248047 0.333008 0.248047 0.333008 0.249349 0.333496 0.250000 0.333008 0.250651 0.331543 0.251302 0.331543 0.253255 0.331055 0.253906 0.331055 0.254557 0.330566 0.255208 0.329102 0.255859 0.329102 0.256510 0.328125 0.257812 0.328125 0.259115 0.327148 0.261068 0.327148 0.262370 0.327637 0.263021 0.327637 0.264974 0.327148 0.265625 0.327148 0.266927 0.327637 0.266927 0.328613 0.268229 0.328613 0.270182 0.329102 0.270833 0.329590 0.270833 0.330078 0.271484 0.331055 0.271484 0.332520 0.270182 0.332520 0.268880 0.334473 0.266276 0.334961 0.266276 0.335449 0.265625 0.335449 0.264323 0.335938 0.263672 0.336426 0.263672 0.336426 0.263021 0.337402 0.261719 0.337402 0.260417 0.337891 0.259766 0.338867 0.256510 0.340820 0.253255 0.340820 0.252604 0.343262 0.249349 0.343262 0.248698 0.344238 0.247396 0.344727 0.248047 0.345215 0.247396 0.345703 0.247396 0.345703 0.246745 0.346680 0.245443 0.347168 0.245443 0.347168 0.244792 0.348145 0.243490 0.348145 0.242188 0.347656 0.241536 0.347656 0.240885 0.348633 0.238932 0.348633 0.236979 0.349121 0.236328 0.349121 0.233724 0.348633 0.233724 0.347656 0.232422 0.347656 0.231120 0.348145 0.230469
0 0.486328 0.223307 0.480469 0.220052 0.478027 0.220703 0.475098 0.228516 0.472656 0.230469 0.467285 0.237630 0.466309 0.240234 0.460938 0.246094 0.460449 0.248047 0.458984 0.248698 0.458008 0.250651 0.456055 0.251302 0.456055 0.253255 0.453613 0.255859 0.454590 0.263021 0.456055 0.266927 0.458984 0.269531 0.463867 0.264974 0.463867 0.263672 0.468262 0.258464 0.470215 0.252604 0.472168 0.250000 0.474121 0.249349 0.474609 0.246745 0.475586 0.246094 0.477051 0.247396 0.475098 0.255859 0.472656 0.257812 0.469238 0.263672 0.464355 0.268880 0.464355 0.270833 0.459473 0.277995 0.458984 0.280599 0.460449 0.286458 0.461426 0.287109 0.465332 0.286458 0.467285 0.285156 0.467285 0.283203 0.469238 0.281901 0.470215 0.279948 0.475098 0.276693 0.475586 0.278646 0.479492 0.280599 0.481445 0.279948 0.481445 0.277995 0.479980 0.274089 0.480957 0.268880 0.480957 0.263021 0.479980 0.262370 0.479980 0.259766 0.480957 0.257161 0.480469 0.254557 0.482910 0.249349 0.483887 0.248698 0.487305 0.249349 0.488281 0.248698 0.488770 0.244792 0.487793 0.244141 0.484375 0.244792 0.481934 0.243490 0.483398 0.238932 0.483398 0.234375 0.484863 0.232422 0.484863 0.228516 0.486816 0.225911
0 0.343262 0.203125 0.342773 0.203776 0.342285 0.203776 0.342285 0.204427 0.341309 0.205729 0.340332 0.209635 0.339844 0.210286 0.339355 0.210286 0.339355 0.210938 0.337402 0.214193 0.337402 0.214844 0.336914 0.215495 0.335449 0.220052 0.333984 0.222005 0.333496 0.222005 0.333496 0.223307 0.333008 0.223958 0.333008 0.224609 0.330566 0.226562 0.330566 0.227865 0.329590 0.229167 0.329590 0.229818 0.328125 0.231771 0.327637 0.231771 0.327148 0.232422 0.327148 0.233724 0.327637 0.234375 0.327148 0.235026 0.325684 0.235677 0.325684 0.238281 0.326172 0.238932 0.325684 0.239583 0.325684 0.240234 0.324219 0.242188 0.323730 0.242188 0.323730 0.243490 0.324219 0.244141 0.324219 0.245443 0.324707 0.246094 0.326172 0.250651 0.327637 0.251953 0.330078 0.250651 0.332031 0.248047 0.332031 0.246745 0.332520 0.246094 0.332520 0.245443 0.333008 0.244792 0.333496 0.244792 0.333496 0.242839 0.333984 0.242188 0.333984 0.240885 0.334473 0.240234 0.334473 0.239583 0.335449 0.238281 0.335938 0.236328 0.336914 0.235026 0.337402 0.235026 0.337402 0.234375 0.337891 0.233724 0.337891 0.232422 0.338867 0.231120 0.339355 0.231120 0.339355 0.230469 0.339844 0.229818 0.339844 0.227865 0.340332 0.227214 0.340332 0.224609 0.342285 0.222005 0.342773 0.222005 0.343750 0.220703 0.343750 0.219401 0.344238 0.218750 0.344238 0.216797 0.344727 0.216146 0.344727 0.215495 0.345703 0.214193 0.345703 0.208984 0.345215 0.208333 0.345215 0.207031 0.344238 0.205078 0.344238 0.203776 0.343750 0.203776
0 0.291992 0.201823 0.291504 0.202474 0.291016 0.202474 0.291016 0.204427 0.291504 0.205078 0.291504 0.207031 0.291992 0.207682 0.292480 0.207682 0.292969 0.208333 0.293457 0.207682 0.293945 0.207682 0.293945 0.207031 0.294434 0.206380 0.294434 0.205078 0.293945 0.204427 0.293945 0.203125 0.293457 0.202474 0.292969 0.202474 0.292480 0.201823
0 0.070801 0.206380 0.070312 0.205729 0.070312 0.205078 0.069824 0.205078 0.068359 0.203125 0.067871 0.203125 0.067383 0.202474 0.066406 0.202474 0.064941 0.201172 0.063477 0.201172 0.062988 0.200521 0.062500 0.200521 0.062012 0.201172 0.061523 0.201172 0.061035 0.201823 0.060547 0.201823 0.059082 0.203125 0.058594 0.202474 0.058105 0.203125 0.057129 0.203125 0.056641 0.203776 0.054688 0.203776 0.054199 0.203125 0.053711 0.203776 0.053223 0.203776 0.052246 0.205078 0.051758 0.205078 0.050781 0.206380 0.050293 0.206380 0.049805 0.207031 0.049316 0.207031 0.048828 0.207682 0.048340 0.207682 0.048340 0.208984 0.048828 0.208984 0.050293 0.210938 0.050293 0.211589 0.049805 0.212240 0.049805 0.213542 0.048828 0.214844 0.048828 0.216146 0.049805 0.217448 0.050293 0.217448 0.051270 0.218750 0.051758 0.218750 0.052246 0.219401 0.054199 0.219401 0.054688 0.218750 0.057617 0.218750 0.058105 0.219401 0.058594 0.219401 0.059082 0.220052 0.059082 0.220703 0.059570 0.220703 0.060059 0.221354 0.060547 0.221354 0.061035 0.220703 0.061523 0.220703 0.062500 0.219401 0.062500 0.215495 0.062988 0.214844 0.062988 0.214193 0.063477 0.213542 0.063477 0.212891 0.064453 0.211589 0.066895 0.211589 0.067383 0.210938 0.068359 0.210938 0.068848 0.210286 0.069336 0.210286 0.069824 0.209635 0.070312 0.209635 0.070312 0.208984 0.070801 0.208333
0 0.474609 0.199870 0.474121 0.199870 0.473633 0.199219 0.472168 0.199219 0.471680 0.199870 0.470703 0.199870 0.470215 0.200521 0.469727 0.200521 0.468262 0.202474 0.467773 0.202474 0.467773 0.203125 0.466797 0.204427 0.466309 0.207682 0.465332 0.208984 0.465332 0.210286 0.464355 0.211589 0.462891 0.212240 0.462891 0.213542 0.461914 0.214844 0.461426 0.214844 0.461426 0.216146 0.460938 0.216797 0.460449 0.216146 0.459961 0.216797 0.459473 0.216797 0.458496 0.218750 0.457031 0.219401 0.454102 0.223307 0.454102 0.223958 0.452637 0.225911 0.452148 0.227865 0.451660 0.228516 0.451172 0.228516 0.449707 0.230469 0.449707 0.232422 0.449219 0.233073 0.449219 0.236328 0.449707 0.236979 0.449707 0.238932 0.450684 0.240234 0.450684 0.240885 0.450195 0.241536 0.450195 0.242839 0.450684 0.243490 0.450684 0.244141 0.451172 0.244141 0.453613 0.246094 0.457031 0.244141 0.458496 0.242188 0.458496 0.241536 0.458984 0.240885 0.458984 0.239583 0.460938 0.236979 0.460938 0.235677 0.461426 0.235026 0.461914 0.233073 0.466309 0.227865 0.466309 0.227214 0.466797 0.226562 0.466797 0.225260 0.468750 0.223307 0.468750 0.222656 0.470215 0.220703 0.470215 0.220052 0.472656 0.216797 0.472656 0.216146 0.474121 0.214193 0.474121 0.212240 0.474609 0.211589 0.474609 0.208333 0.475098 0.207682 0.475098 0.205729 0.473633 0.203776 0.474609 0.201823
0 0.407715 0.195964 0.406250 0.196615 0.406250 0.197917 0.405762 0.198568 0.405762 0.199870 0.405273 0.200521 0.404785 0.202474 0.401855 0.205078 0.401855 0.217448 0.400879 0.219401 0.400391 0.219401 0.398926 0.220703 0.398926 0.227865 0.397949 0.229818 0.397949 0.241536 0.398438 0.242188 0.398438 0.242839 0.400391 0.245443 0.400391 0.246094 0.400879 0.246094 0.401367 0.246745 0.402344 0.246745 0.402832 0.246094 0.403320 0.246094 0.405762 0.242839 0.406250 0.242839 0.406250 0.240234 0.405762 0.240234 0.403809 0.237630 0.404297 0.236979 0.404785 0.236979 0.406738 0.233724 0.406738 0.228516 0.408203 0.226562 0.409668 0.225911 0.409668 0.223958 0.408691 0.222005 0.408203 0.218750 0.409180 0.217448 0.410645 0.216797 0.411621 0.215495 0.411621 0.214844 0.412109 0.214193 0.412109 0.212891 0.412598 0.212240 0.412598 0.208984 0.414062 0.205729 0.414062 0.202474 0.412109 0.199870 0.410645 0.199219 0.408691 0.196615 0.408203 0.196615
0 0.342285 0.186198 0.341797 0.186198 0.340332 0.184896 0.339355 0.184896 0.338867 0.185547 0.338379 0.185547 0.338379 0.186198 0.337891 0.186849 0.337891 0.188151 0.336914 0.189453 0.336426 0.191406 0.333984 0.194661 0.333984 0.196615 0.333008 0.197917 0.333008 0.198568 0.331543 0.200521 0.331543 0.201172 0.329590 0.203776 0.329590 0.205078 0.328125 0.206380 0.327637 0.208333 0.326660 0.209635 0.326172 0.209635 0.325684 0.210286 0.325684 0.212891 0.324219 0.214193 0.324219 0.214844 0.323242 0.216797 0.323242 0.218099 0.322754 0.218750 0.322754 0.220052 0.322266 0.220703 0.322266 0.222005 0.321777 0.222656 0.321777 0.227865 0.322754 0.229167 0.322754 0.229818 0.323242 0.229818 0.323730 0.230469 0.325684 0.230469 0.326172 0.229818 0.326660 0.229818 0.327637 0.228516 0.328613 0.225260 0.330566 0.222656 0.331055 0.222656 0.331055 0.221354 0.331543 0.220703 0.331543 0.218099 0.332520 0.216797 0.333008 0.216797 0.334473 0.214844 0.334473 0.214193 0.335449 0.212891 0.335449 0.210938 0.335938 0.210286 0.337402 0.209635 0.337402 0.208333 0.337891 0.207682 0.338379 0.207682 0.338379 0.205078 0.338867 0.204427 0.338867 0.201823 0.339355 0.201172 0.339355 0.200521 0.339844 0.199870 0.340332 0.199870 0.340332 0.199219 0.341309 0.197917 0.341309 0.197266 0.341797 0.196615 0.341797 0.190104 0.342285 0.189453
0 0.455566 0.173828 0.455078 0.173828 0.454590 0.173177 0.453125 0.173177 0.452637 0.172526 0.452148 0.173177 0.451660 0.173177 0.450684 0.174479 0.450684 0.175130 0.450195 0.175781 0.450195 0.176432 0.449707 0.177083 0.448730 0.177083 0.448242 0.177734 0.447754 0.177734 0.446777 0.179036 0.446777 0.179688 0.445801 0.180990 0.445801 0.181641 0.445312 0.182292 0.445312 0.182943 0.444824 0.183594 0.444824 0.184245 0.442871 0.186849 0.442383 0.186849 0.442383 0.187500 0.441895 0.188151 0.441895 0.188802 0.441406 0.189453 0.440918 0.189453 0.440918 0.190755 0.441895 0.192057 0.441406 0.192708 0.441406 0.194661 0.441895 0.195312 0.441895 0.195964 0.442383 0.196615 0.442383 0.197266 0.442871 0.197917 0.442871 0.198568 0.443359 0.198568 0.443848 0.199219 0.444336 0.198568 0.444824 0.198568 0.444824 0.197917 0.445312 0.197266 0.445801 0.197266 0.446289 0.197917 0.446777 0.197917 0.447266 0.197266 0.447754 0.197266 0.451172 0.192708 0.451172 0.192057 0.452148 0.190755 0.452637 0.190755 0.452637 0.188802 0.452148 0.188151 0.452148 0.187500 0.452637 0.186849 0.454102 0.186849 0.454590 0.186198 0.455078 0.186198 0.455078 0.185547 0.455566 0.184896 0.456055 0.184896 0.456543 0.184245 0.456543 0.183594 0.457031 0.182943 0.457520 0.182943 0.458496 0.181641 0.458496 0.179036 0.458008 0.178385 0.457520 0.178385 0.457031 0.177734 0.456543 0.177734 0.456055 0.177083 0.456055 0.174479
0 0.297852 0.172526 0.296875 0.172526 0.296387 0.173177 0.295898 0.173177 0.295898 0.173828 0.295410 0.174479 0.295410 0.175130 0.294922 0.175781 0.294922 0.177734 0.293945 0.179036 0.293945 0.180990 0.293457 0.181641 0.293457 0.186198 0.292969 0.186849 0.292969 0.195964 0.293457 0.196615 0.293457 0.197266 0.293945 0.197917 0.294434 0.197917 0.294922 0.198568 0.295410 0.197917 0.295898 0.197917 0.296387 0.197266 0.296387 0.193359 0.297363 0.192057 0.297363 0.190755 0.297852 0.190104 0.297852 0.188151 0.298340 0.187500 0.298340 0.185547 0.299316 0.184245 0.299316 0.182943 0.299805 0.182292 0.299805 0.177734 0.299316 0.177083 0.299316 0.173828 0.298828 0.173177 0.298340 0.173177
0 0.401855 0.171875 0.401855 0.173177 0.402344 0.173177 0.402832 0.173828 0.402832 0.174479 0.403320 0.174479 0.403809 0.175130 0.404297 0.174479 0.404785 0.174479 0.404785 0.172526 0.404297 0.171875 0.403809 0.171875 0.403320 0.171224 0.402832 0.171224 0.402344 0.171875
0 0.474121 0.169271 0.472168 0.168620 0.470703 0.169922 0.469727 0.169922 0.467773 0.171224 0.466797 0.173177 0.466797 0.179036 0.465332 0.180990 0.463379 0.182292 0.462891 0.184245 0.461914 0.185547 0.461426 0.185547 0.460938 0.186849 0.460938 0.189453 0.460449 0.190104 0.458496 0.190104 0.458008 0.190755 0.457520 0.190104 0.456543 0.190755 0.455078 0.194010 0.451660 0.197266 0.451172 0.199219 0.450195 0.199870 0.450195 0.201172 0.449219 0.202474 0.449219 0.203125 0.448242 0.203776 0.447266 0.205729 0.445801 0.206380 0.444336 0.210286 0.444336 0.211589 0.445312 0.212240 0.444824 0.212891 0.444824 0.216146 0.445312 0.216797 0.445801 0.221354 0.447266 0.223958 0.448242 0.224609 0.448730 0.223958 0.449707 0.224609 0.450195 0.223958 0.451172 0.223958 0.453613 0.222005 0.455078 0.220052 0.455078 0.219401 0.456055 0.218099 0.456055 0.216797 0.457031 0.216146 0.458008 0.213542 0.458008 0.212240 0.458984 0.211589 0.458984 0.208333 0.459473 0.207682 0.459473 0.206380 0.458984 0.205729 0.460449 0.204427 0.460449 0.201823 0.460938 0.200521 0.462891 0.198568 0.462891 0.196615 0.463867 0.194661 0.464844 0.195964 0.465820 0.196615 0.466309 0.195964 0.466797 0.196615 0.468750 0.194661 0.469238 0.192708 0.470215 0.191406 0.470215 0.189453 0.471191 0.186849 0.471191 0.185547 0.470703 0.184896 0.471191 0.184245 0.472168 0.184245 0.472656 0.184896 0.473633 0.184245 0.473633 0.181641 0.475586 0.178385 0.475586 0.174479 0.474609 0.173177 0.474609 0.169922
0 0.132324 0.166667 0.131836 0.166667 0.131348 0.166016 0.130371 0.166016 0.129883 0.166667 0.129395 0.166667 0.129395 0.167969 0.128906 0.168620 0.125977 0.168620 0.125488 0.167969 0.124512 0.167969 0.124023 0.167318 0.123535 0.167969 0.121582 0.167969 0.121094 0.168620 0.120605 0.168620 0.119629 0.169922 0.119141 0.169922 0.119141 0.171224 0.118652 0.171875 0.118164 0.171875 0.117676 0.172526 0.117188 0.172526 0.117188 0.173177 0.116211 0.174479 0.115234 0.174479 0.114746 0.175130 0.112793 0.175130 0.112305 0.175781 0.111816 0.175781 0.111328 0.176432 0.110840 0.176432 0.110352 0.177083 0.109863 0.177083 0.108887 0.178385 0.108398 0.178385 0.108398 0.179688 0.107910 0.180339 0.107910 0.181641 0.108398 0.182292 0.108398 0.184245 0.108887 0.184245 0.109375 0.184896 0.110352 0.184896 0.110840 0.185547 0.112305 0.185547 0.112793 0.184896 0.114746 0.184896 0.115234 0.184245 0.118164 0.184245 0.118652 0.184896 0.121582 0.184896 0.122070 0.185547 0.122559 0.184896 0.123047 0.184896 0.123535 0.184245 0.124023 0.184245 0.125488 0.182943 0.126465 0.182943 0.126953 0.183594 0.127930 0.183594 0.128418 0.182943 0.128906 0.182943 0.129395 0.182292 0.129883 0.182292 0.129883 0.177734 0.130371 0.177083 0.130371 0.174479 0.130859 0.173828 0.131348 0.173828 0.131348 0.173177 0.131836 0.172526 0.131836 0.171875 0.132324 0.171224 0.132812 0.171224 0.132812 0.167969 0.132324 0.167318
0 0.326172 0.164714 0.325684 0.165365 0.325195 0.165365 0.324707 0.164714 0.324219 0.165365 0.323730 0.165365 0.323242 0.166016 0.323242 0.167318 0.322754 0.167969 0.322754 0.170573 0.322266 0.171224 0.321777 0.171224 0.321777 0.172526 0.322266 0.172526 0.323242 0.173828 0.323242 0.177083 0.324219 0.178385 0.324707 0.178385 0.325195 0.179036 0.325684 0.178385 0.326172 0.178385 0.326172 0.176432 0.326660 0.175781 0.326660 0.173828 0.326172 0.173177 0.326172 0.172526 0.326660 0.171875 0.327148 0.171875 0.327637 0.172526 0.328125 0.171875 0.328613 0.171875 0.328613 0.169271 0.329102 0.168620 0.329590 0.168620 0.329590 0.166667 0.329102 0.166667 0.328613 0.166016 0.328125 0.166016 0.327637 0.165365 0.326660 0.165365
0 0.338379 0.161458 0.336914 0.162109 0.336914 0.162760 0.335938 0.164062 0.335938 0.165365 0.336914 0.166667 0.336914 0.169271 0.335938 0.170573 0.334473 0.170573 0.333984 0.171224 0.333496 0.171224 0.333008 0.171875 0.331543 0.172526 0.331055 0.174479 0.330078 0.175781 0.330078 0.176432 0.329102 0.178385 0.329102 0.180339 0.328613 0.180990 0.328613 0.182292 0.328125 0.182943 0.327637 0.184896 0.326172 0.186198 0.325684 0.188151 0.324707 0.189453 0.324707 0.190104 0.323242 0.193359 0.323242 0.200521 0.322754 0.201172 0.322754 0.206380 0.323242 0.206380 0.323730 0.207031 0.325195 0.207031 0.325684 0.206380 0.326172 0.206380 0.326172 0.205729 0.327148 0.204427 0.327148 0.203776 0.327637 0.203125 0.327637 0.201823 0.328125 0.201172 0.328125 0.199870 0.329102 0.198568 0.329102 0.197917 0.329590 0.197266 0.329590 0.196615 0.330078 0.195964 0.330566 0.194010 0.331055 0.193359 0.331543 0.193359 0.331543 0.191406 0.332031 0.190755 0.332520 0.190755 0.332520 0.189453 0.333496 0.188151 0.333984 0.188151 0.333984 0.187500 0.334961 0.186198 0.334961 0.184896 0.335449 0.184245 0.335938 0.184245 0.336426 0.182292 0.336914 0.181641 0.337402 0.181641 0.337402 0.179036 0.337891 0.178385 0.337891 0.177734 0.338867 0.176432 0.339355 0.174479 0.340820 0.172526 0.340820 0.169271 0.340332 0.169271 0.339844 0.168620 0.339844 0.163411 0.339355 0.162760 0.339355 0.162109 0.338867 0.162109
0 0.467773 0.147786 0.466309 0.147786 0.465820 0.148438 0.465332 0.148438 0.464355 0.149740 0.464355 0.150391 0.463379 0.151693 0.463379 0.152344 0.462891 0.152995 0.462891 0.155599 0.462402 0.156250 0.462402 0.156901 0.461914 0.157552 0.461426 0.157552 0.460938 0.158203 0.460938 0.160807 0.461426 0.161458 0.461914 0.161458 0.462891 0.162760 0.462891 0.164062 0.463379 0.164062 0.463867 0.164714 0.464355 0.164714 0.464844 0.165365 0.467773 0.165365 0.468262 0.164714 0.468750 0.164714 0.469238 0.164062 0.469238 0.163411 0.469727 0.162760 0.469727 0.162109 0.470215 0.161458 0.470215 0.160807 0.471191 0.159505 0.471191 0.158854 0.471680 0.158203 0.471680 0.157552 0.472168 0.156901 0.472168 0.155599 0.471680 0.154948 0.471680 0.152995 0.471191 0.152344 0.471191 0.151693 0.470703 0.151693 0.470215 0.151042 0.469727 0.151042 0.469238 0.150391 0.469238 0.149740 0.468750 0.149089 0.468750 0.148438 0.468262 0.148438
0 0.292480 0.132161 0.291992 0.132812 0.291504 0.132812 0.291016 0.133464 0.291016 0.134115 0.290527 0.134766 0.290527 0.136068 0.290039 0.136719 0.290039 0.147135 0.290527 0.147786 0.290527 0.148438 0.291504 0.149740 0.291992 0.149740 0.292480 0.150391 0.293945 0.150391 0.294434 0.149740 0.294922 0.149740 0.295410 0.149089 0.295410 0.144531 0.294922 0.143880 0.294922 0.141927 0.294434 0.141276 0.294434 0.139323 0.293945 0.138672 0.293945 0.136719 0.293457 0.136068 0.293457 0.132812 0.292969 0.132812
0 0.464844 0.130208 0.462891 0.128906 0.460449 0.128906 0.459473 0.129557 0.458496 0.132812 0.457031 0.134115 0.457031 0.134766 0.455566 0.137370 0.455566 0.138672 0.456055 0.139974 0.455078 0.141276 0.454102 0.141276 0.452148 0.143229 0.450684 0.143880 0.449219 0.145833 0.448242 0.148438 0.448242 0.149740 0.447754 0.151042 0.445801 0.152344 0.442871 0.156901 0.441406 0.157552 0.440918 0.159505 0.438477 0.163411 0.437988 0.165365 0.437012 0.166667 0.437500 0.172526 0.438965 0.176432 0.439941 0.177083 0.440430 0.176432 0.441406 0.176432 0.441895 0.177083 0.442871 0.176432 0.444336 0.173177 0.444336 0.171875 0.444824 0.170573 0.446777 0.167969 0.447266 0.168620 0.447754 0.167969 0.448730 0.167969 0.449707 0.167318 0.451172 0.165365 0.451172 0.163411 0.452148 0.161458 0.452148 0.160156 0.453125 0.158203 0.456055 0.158203 0.457031 0.157552 0.457031 0.154948 0.457520 0.153646 0.458496 0.152995 0.458496 0.151042 0.458984 0.149740 0.460449 0.147786 0.461426 0.145182 0.461426 0.142578 0.460449 0.141927 0.461914 0.140625 0.461914 0.138672 0.462891 0.137370 0.464844 0.136068 0.464844 0.134766 0.465332 0.134115 0.465332 0.132161 0.464844 0.131510
0 0.196777 0.126953 0.194824 0.124349 0.194336 0.124349 0.193848 0.123698 0.192871 0.123698 0.192383 0.123047 0.191895 0.123698 0.191406 0.123698 0.191406 0.124349 0.190918 0.125000 0.190918 0.125651 0.188965 0.128255 0.187500 0.128255 0.187012 0.128906 0.186523 0.128255 0.186035 0.128906 0.184082 0.128906 0.183594 0.129557 0.183105 0.129557 0.182129 0.130859 0.181641 0.130859 0.181641 0.132812 0.182129 0.133464 0.182617 0.133464 0.184082 0.135417 0.184570 0.135417 0.185059 0.136068 0.187500 0.136068 0.187988 0.135417 0.189941 0.135417 0.190430 0.136068 0.190918 0.135417 0.191406 0.135417 0.192383 0.134115 0.192871 0.134115 0.193359 0.133464 0.193848 0.133464 0.194336 0.132812 0.194824 0.132812 0.195312 0.132161 0.195801 0.132161 0.196777 0.130859
0 0.385742 0.113932 0.384766 0.114583 0.383789 0.116536 0.383301 0.120443 0.381836 0.122396 0.381836 0.124349 0.380859 0.125651 0.380859 0.127604 0.382324 0.128906 0.384766 0.128906 0.386230 0.130859 0.386230 0.142578 0.385742 0.143229 0.386230 0.149740 0.385742 0.151693 0.386230 0.152995 0.387695 0.153646 0.389160 0.156250 0.390625 0.157552 0.390625 0.160156 0.388184 0.162760 0.388184 0.166667 0.388672 0.167969 0.390625 0.169922 0.390625 0.173177 0.391602 0.173828 0.391602 0.174479 0.390625 0.175130 0.390137 0.180339 0.391602 0.181641 0.392578 0.180990 0.392578 0.175781 0.393555 0.175130 0.393555 0.173177 0.394531 0.171875 0.395996 0.171875 0.396484 0.172526 0.396484 0.177083 0.397461 0.177734 0.397461 0.179688 0.396484 0.182292 0.396484 0.186198 0.397461 0.186849 0.398438 0.186198 0.399414 0.184245 0.399902 0.180339 0.400391 0.179688 0.400391 0.175781 0.399414 0.175130 0.398926 0.172526 0.396973 0.171224 0.396484 0.169271 0.396484 0.162760 0.395996 0.162109 0.395996 0.158203 0.395508 0.157552 0.395996 0.156901 0.395996 0.152344 0.395020 0.151042 0.395020 0.147135 0.396484 0.141276 0.398438 0.139323 0.399414 0.137370 0.399414 0.134115 0.396484 0.128906 0.396973 0.127604 0.396973 0.122396 0.393555 0.119141 0.393066 0.115885 0.392090 0.115234 0.390625 0.115885 0.387695 0.113932
0 0.330078 0.105469 0.329102 0.106120 0.328125 0.108073 0.326660 0.106771 0.325684 0.107422 0.325195 0.106771 0.323242 0.108073 0.322754 0.109375 0.322754 0.110677 0.322266 0.111328 0.322266 0.115885 0.321777 0.116536 0.321777 0.122396 0.321289 0.123047 0.321289 0.127604 0.321777 0.128255 0.321777 0.131510 0.324219 0.138021 0.323730 0.141276 0.322266 0.143229 0.322266 0.146484 0.323242 0.149089 0.324707 0.150391 0.324707 0.152344 0.325195 0.152344 0.326172 0.153646 0.326172 0.154297 0.327148 0.154948 0.328125 0.154948 0.328613 0.155599 0.328613 0.157552 0.329590 0.160156 0.330566 0.160807 0.331543 0.160807 0.332031 0.161458 0.333008 0.160807 0.333984 0.161458 0.334961 0.161458 0.336426 0.160156 0.336426 0.159505 0.337402 0.158203 0.337402 0.156250 0.337891 0.154948 0.338867 0.154297 0.338867 0.149740 0.338379 0.149740 0.336914 0.147786 0.336914 0.143880 0.337402 0.143229 0.337402 0.139323 0.336914 0.138672 0.336914 0.136068 0.335938 0.133464 0.333984 0.130859 0.335449 0.126953 0.335449 0.123698 0.335938 0.123047 0.335938 0.120443 0.335449 0.120443 0.334961 0.119792 0.334961 0.118490 0.334473 0.118490 0.333496 0.117188 0.334473 0.116536 0.334473 0.114583 0.333984 0.114583 0.333008 0.113281 0.333496 0.111979 0.333496 0.110026 0.332031 0.106120 0.331055 0.105469 0.330566 0.106120
0 0.384277 0.104818 0.383789 0.104818 0.383301 0.104167 0.382812 0.104167 0.382324 0.104818 0.381836 0.104818 0.381836 0.105469 0.381348 0.106120 0.381348 0.107422 0.381836 0.107422 0.382324 0.108073 0.382812 0.107422 0.383301 0.107422 0.384277 0.106120
0 0.460449 0.103516 0.458984 0.103516 0.458496 0.104167 0.457520 0.104167 0.456543 0.104818 0.456055 0.106120 0.455566 0.105469 0.454590 0.106120 0.453613 0.107422 0.452637 0.110026 0.451172 0.111328 0.450684 0.113281 0.449219 0.115234 0.448730 0.117188 0.447266 0.119141 0.446777 0.119141 0.446289 0.120443 0.445801 0.120443 0.445312 0.121745 0.445312 0.123047 0.443359 0.125651 0.442383 0.128255 0.438965 0.133464 0.437500 0.138021 0.436035 0.139974 0.435547 0.139974 0.435059 0.141927 0.433594 0.143880 0.433594 0.145833 0.432617 0.147135 0.432617 0.148438 0.433105 0.149089 0.433105 0.150391 0.432617 0.151042 0.432617 0.152995 0.433105 0.152995 0.434082 0.154297 0.434082 0.154948 0.435059 0.155599 0.435059 0.156250 0.436035 0.156901 0.437012 0.156901 0.437500 0.156250 0.438477 0.156250 0.439453 0.155599 0.439941 0.154297 0.439941 0.152995 0.440430 0.152344 0.440430 0.149089 0.441406 0.147135 0.442383 0.147786 0.443848 0.147135 0.444336 0.146484 0.444336 0.145182 0.445801 0.143880 0.445801 0.143229 0.447754 0.140625 0.448730 0.138021 0.450195 0.136068 0.450684 0.134766 0.450684 0.133464 0.451172 0.132812 0.452637 0.132812 0.453613 0.132161 0.453613 0.130859 0.454102 0.129557 0.455078 0.128906 0.457031 0.125000 0.457031 0.123698 0.458496 0.120443 0.458496 0.119141 0.461426 0.114583 0.461426 0.113281 0.462402 0.111328 0.462402 0.108073 0.461914 0.107422 0.461914 0.104818
0 0.328613 0.092448 0.327148 0.092448 0.326660 0.093099 0.326172 0.093099 0.326172 0.093750 0.324707 0.095703 0.324707 0.097656 0.324219 0.098307 0.324219 0.099609 0.324707 0.100260 0.324707 0.101562 0.325684 0.102865 0.326172 0.102865 0.326660 0.103516 0.327148 0.102865 0.327637 0.102865 0.328125 0.102214 0.329102 0.102214 0.329590 0.101562 0.330078 0.101562 0.331055 0.100260 0.331055 0.098958 0.330566 0.098307 0.330566 0.097656 0.330078 0.097005 0.330078 0.094401 0.329590 0.093750 0.329590 0.093099 0.329102 0.093099
0 0.454590 0.081380 0.453125 0.080729 0.451660 0.082031 0.451660 0.083333 0.450684 0.084635 0.449707 0.087240 0.448730 0.087891 0.447266 0.091797 0.447266 0.095052 0.444824 0.097656 0.441406 0.099609 0.441406 0.100260 0.440430 0.100911 0.438965 0.105469 0.437012 0.108724 0.437012 0.111979 0.435547 0.113281 0.434570 0.112630 0.432129 0.115234 0.432129 0.117188 0.431641 0.117839 0.431641 0.119141 0.430176 0.121745 0.430176 0.122396 0.429199 0.123047 0.428711 0.124349 0.428711 0.127604 0.429199 0.128255 0.428711 0.131510 0.429199 0.131510 0.430176 0.132812 0.430176 0.134766 0.430664 0.136068 0.431641 0.136719 0.432617 0.136719 0.433594 0.136068 0.433594 0.135417 0.437012 0.131510 0.437988 0.128906 0.438965 0.127604 0.439453 0.127604 0.439453 0.126302 0.440430 0.123698 0.441406 0.123047 0.441406 0.121745 0.443359 0.118490 0.446289 0.110026 0.447754 0.108073 0.448242 0.108073 0.448730 0.107422 0.448730 0.106120 0.450195 0.104818 0.450684 0.103516 0.450684 0.102214 0.451660 0.100911 0.452148 0.098958 0.452637 0.098307 0.454590 0.098307 0.455566 0.097656 0.455566 0.094401 0.455078 0.093750 0.456055 0.092448 0.456055 0.091146 0.455566 0.090495 0.456055 0.089844 0.456055 0.088542 0.455566 0.087891 0.455566 0.085938 0.455078 0.085286 0.455078 0.082682
0 0.449707 0.067057 0.449219 0.067057 0.448730 0.066406 0.445801 0.066406 0.445312 0.065755 0.444824 0.066406 0.443848 0.066406 0.443359 0.067057 0.442871 0.067057 0.442871 0.067708 0.440918 0.070312 0.440918 0.071615 0.440430 0.072266 0.440430 0.073568 0.439941 0.074219 0.439941 0.074870 0.437012 0.078776 0.437012 0.080078 0.435547 0.082031 0.435547 0.082682 0.434570 0.083984 0.434570 0.084635 0.433105 0.086589 0.433105 0.087240 0.432129 0.088542 0.431641 0.090495 0.430664 0.091797 0.430176 0.093750 0.427734 0.097005 0.427734 0.098307 0.427246 0.098958 0.427246 0.100260 0.426758 0.100911 0.426758 0.102865 0.425293 0.106120 0.425293 0.108073 0.425781 0.108724 0.425781 0.111328 0.426758 0.113281 0.426758 0.115885 0.427734 0.117188 0.428223 0.117188 0.428711 0.117839 0.429199 0.117188 0.429688 0.117188 0.429688 0.116536 0.430176 0.115885 0.430664 0.115885 0.430664 0.115234 0.431641 0.113281 0.431641 0.111979 0.432129 0.111328 0.432129 0.109375 0.432617 0.108724 0.432617 0.107422 0.433105 0.106771 0.433105 0.106120 0.433594 0.105469 0.435059 0.105469 0.437012 0.103516 0.437012 0.102865 0.438477 0.100260 0.439453 0.097005 0.442871 0.092448 0.443848 0.092448 0.444336 0.091797 0.444824 0.091797 0.444824 0.089844 0.446289 0.088542 0.446777 0.086589 0.447754 0.085286 0.447754 0.083333 0.448730 0.082031 0.448730 0.081380 0.449219 0.080729 0.449219 0.079427 0.451172 0.076823 0.451172 0.075521 0.451660 0.074870 0.451660 0.073568 0.452148 0.072917 0.452148 0.071615 0.451660 0.070964 0.451660 0.070312 0.450684 0.069010 0.450684 0.068359 0.450195 0.068359 0.449707 0.067708
0 0.286133 0.064453 0.285645 0.063802 0.285156 0.063802 0.283691 0.062500 0.283203 0.063151 0.282715 0.063151 0.281738 0.064453 0.281250 0.063802 0.280762 0.064453 0.279785 0.064453 0.279297 0.065104 0.277832 0.065104 0.277344 0.065755 0.275391 0.065755 0.274902 0.066406 0.273438 0.066406 0.272949 0.067057 0.272461 0.067057 0.270996 0.065755 0.270508 0.065755 0.270020 0.066406 0.269531 0.066406 0.269531 0.067708 0.269043 0.068359 0.268066 0.068359 0.267578 0.069010 0.267090 0.069010 0.265625 0.070312 0.264648 0.070312 0.264160 0.070964 0.263672 0.070964 0.262695 0.072266 0.262207 0.072266 0.261230 0.073568 0.260742 0.073568 0.260742 0.074870 0.259766 0.076823 0.259766 0.079427 0.259277 0.080078 0.259277 0.082031 0.259766 0.082682 0.259766 0.083333 0.260254 0.083333 0.260742 0.083984 0.262207 0.083984 0.262695 0.083333 0.264648 0.083333 0.265137 0.082682 0.266602 0.082682 0.267090 0.082031 0.268555 0.082031 0.270020 0.080729 0.272461 0.080729 0.272949 0.080078 0.273926 0.080078 0.274414 0.080729 0.274902 0.080729 0.275391 0.080078 0.275879 0.080078 0.276367 0.079427 0.276855 0.079427 0.277832 0.078125 0.278320 0.078125 0.278320 0.077474 0.278809 0.076823 0.278809 0.076172 0.281250 0.072917 0.282227 0.072917 0.282715 0.072266 0.283203 0.072266 0.283203 0.071615 0.285156 0.069010 0.285156 0.068359 0.285645 0.067708 0.286133 0.067708
0 0.444336 0.056641 0.444336 0.059896 0.445312 0.061198 0.445801 0.061198 0.446289 0.061849 0.447266 0.061849 0.447754 0.062500 0.449707 0.062500 0.450195 0.063151 0.451172 0.063151 0.451660 0.062500 0.452148 0.062500 0.453125 0.061198 0.453125 0.058594 0.452637 0.057943 0.452148 0.057943 0.451660 0.057292 0.449707 0.057292 0.448730 0.055990 0.448730 0.055339 0.448242 0.055339 0.447754 0.054688 0.446777 0.054688 0.446289 0.055339 0.445801 0.055339 0.445312 0.055990 0.444824 0.055990
0 0.354492 0.027995 0.354004 0.027995 0.353516 0.027344 0.352051 0.027344 0.351562 0.027995 0.345703 0.027995 0.345215 0.028646 0.343750 0.027344 0.343262 0.027995 0.342773 0.027344 0.342285 0.027344 0.340820 0.028646 0.339355 0.028646 0.338867 0.029297 0.335449 0.029297 0.334961 0.029948 0.334473 0.029948 0.333496 0.031250 0.332520 0.031250 0.332031 0.031901 0.331543 0.031901 0.331055 0.032552 0.331055 0.035156 0.332520 0.036458 0.332520 0.039062 0.333008 0.039062 0.333496 0.039714 0.333984 0.039714 0.334961 0.041016 0.334961 0.042318 0.335449 0.042969 0.335449 0.044922 0.335938 0.045573 0.335938 0.046875 0.335449 0.047526 0.335449 0.049479 0.335938 0.049479 0.336426 0.050130 0.336914 0.049479 0.337402 0.049479 0.338867 0.048177 0.339355 0.048828 0.339844 0.048177 0.340332 0.048177 0.340820 0.047526 0.341309 0.047526 0.341797 0.046875 0.342285 0.046875 0.342773 0.046224 0.343262 0.046224 0.344727 0.044922 0.346191 0.044922 0.346680 0.044271 0.347656 0.044271 0.348145 0.043620 0.349121 0.043620 0.349609 0.042969 0.350098 0.042969 0.350586 0.042318 0.351074 0.042318 0.352539 0.040365 0.352539 0.039062 0.353516 0.037760 0.354004 0.037760 0.354004 0.037109 0.355469 0.035156 0.355957 0.035156 0.355957 0.032552 0.355469 0.031901 0.355469 0.031250 0.354492 0.029297
0 0.371094 0.016927 0.370605 0.016927 0.370117 0.016276 0.369629 0.016276 0.369141 0.016927 0.368652 0.016927 0.368652 0.018229 0.368164 0.018880 0.367676 0.018880 0.367188 0.019531 0.366699 0.019531 0.366211 0.020182 0.365723 0.020182 0.365723 0.020833 0.365234 0.021484 0.365234 0.022786 0.365723 0.022786 0.366211 0.023438 0.367188 0.023438 0.367676 0.022786 0.368164 0.022786 0.368164 0.022135 0.369141 0.020833 0.369629 0.020833 0.370117 0.020182 0.370605 0.020182 0.371094 0.019531
0 0.438965 0.010417 0.437988 0.010417 0.436035 0.012370 0.435547 0.013672 0.435547 0.018229 0.437012 0.020833 0.438965 0.021484 0.439453 0.022786 0.438477 0.024089 0.435547 0.025391 0.435059 0.026693 0.434082 0.027344 0.433105 0.029948 0.432617 0.034505 0.431641 0.036458 0.430664 0.041016 0.429199 0.044271 0.429199 0.045573 0.430176 0.047526 0.433105 0.049479 0.432617 0.050130 0.432617 0.052083 0.431152 0.056641 0.431152 0.063802 0.433594 0.069010 0.435547 0.070964 0.436523 0.070964 0.439453 0.069010 0.439453 0.068359 0.440918 0.067057 0.441895 0.064453 0.441895 0.061849 0.442871 0.059245 0.442871 0.055339 0.440430 0.052083 0.438477 0.050781 0.438477 0.048828 0.438965 0.048177 0.440918 0.047526 0.443848 0.049479 0.445801 0.049479 0.448242 0.051432 0.450684 0.051432 0.453125 0.049479 0.453125 0.042969 0.451660 0.039714 0.451660 0.037760 0.449219 0.033854 0.449219 0.030599 0.448242 0.027344 0.447266 0.026693 0.446777 0.022786 0.446289 0.022135 0.446289 0.020182 0.442871 0.017578 0.441895 0.017578 0.441406 0.016927 0.441895 0.016276 0.441895 0.014974 0.440918 0.014323 0.440918 0.011719