0 0.287109 0.568359 0.286621 0.569010 0.286133 0.569010 0.286133 0.570312 0.286621 0.570312 0.287109 0.570964 0.287598 0.570312 0.288086 0.570312 0.288086 0.569010 0.287598 0.569010
0 0.289062 0.562500 0.288574 0.563151 0.288086 0.563151 0.288086 0.564453 0.288574 0.564453 0.289062 0.565104 0.289551 0.564453 0.290039 0.564453 0.290039 0.563151 0.289551 0.563151
0 0.378418 0.561849 0.377930 0.562500 0.377441 0.562500 0.377441 0.564453 0.377930 0.564453 0.378418 0.565104 0.377930 0.565755 0.377930 0.567057 0.378418 0.567708 0.378418 0.569661 0.378906 0.570312 0.379395 0.570312 0.379883 0.570964 0.380371 0.570312 0.380859 0.570312 0.380859 0.569010 0.380371 0.568359 0.380371 0.567057 0.379883 0.566406 0.379883 0.565755 0.379395 0.565755 0.378906 0.565104 0.379395 0.564453 0.379395 0.562500 0.378906 0.562500
0 0.448730 0.551432 0.448242 0.552083 0.447754 0.552083 0.447754 0.553385 0.448242 0.553385 0.448730 0.554036 0.448242 0.554688 0.447754 0.554688 0.447754 0.555990 0.448242 0.555990 0.448730 0.556641 0.449219 0.555990 0.449707 0.555990 0.449707 0.554688 0.449219 0.554688 0.448730 0.554036 0.449219 0.553385 0.449707 0.553385 0.449707 0.552083 0.449219 0.552083
0 0.293945 0.550781 0.293457 0.551432 0.292969 0.551432 0.292969 0.552734 0.292480 0.553385 0.291992 0.553385 0.291992 0.554688 0.292480 0.554688 0.292969 0.555339 0.293457 0.554688 0.293945 0.554688 0.293945 0.553385 0.294434 0.552734 0.294922 0.552734 0.294922 0.551432 0.294434 0.551432
0 0.405273 0.537109 0.404785 0.537760 0.404297 0.537760 0.404297 0.539062 0.404785 0.539062 0.405273 0.539714 0.405762 0.539062 0.406250 0.539062 0.406250 0.537760 0.405762 0.537760
0 0.500488 0.535156 0.500000 0.535807 0.499512 0.535807 0.499512 0.538411 0.500000 0.538411 0.500488 0.539062 0.500977 0.538411 0.501465 0.538411 0.501465 0.535807 0.500977 0.535807
0 0.302734 0.533203 0.302246 0.533854 0.301758 0.533854 0.301758 0.535156 0.302246 0.535156 0.302734 0.535807 0.303223 0.535156 0.303711 0.535156 0.303711 0.533854 0.303223 0.533854
0 0.299316 0.529948 0.298828 0.530599 0.298340 0.530599 0.297852 0.531250 0.297852 0.532552 0.298340 0.532552 0.298828 0.533203 0.299316 0.533203 0.299805 0.532552 0.300293 0.532552 0.300293 0.530599 0.299805 0.530599
0 0.552246 0.529297 0.551758 0.529297 0.551270 0.529948 0.550781 0.529948 0.550781 0.531250 0.551758 0.532552 0.551270 0.533203 0.550781 0.533203 0.550781 0.534505 0.551270 0.534505 0.551758 0.535156 0.552246 0.534505 0.552734 0.534505 0.552734 0.533203 0.552246 0.532552 0.552734 0.531901 0.553223 0.531901 0.553223 0.529948 0.552734 0.529948
0 0.502441 0.519531 0.501953 0.520182 0.501465 0.520182 0.501465 0.522135 0.501953 0.522786 0.501465 0.523438 0.500977 0.523438 0.500977 0.526042 0.500488 0.526693 0.500488 0.529948 0.500000 0.530599 0.500000 0.532552 0.500488 0.533203 0.500977 0.533203 0.501465 0.533854 0.501953 0.533203 0.502441 0.533203 0.502441 0.531901 0.501953 0.531250 0.502441 0.530599 0.502441 0.526693 0.502930 0.526042 0.502930 0.523438 0.502441 0.522786 0.502930 0.522135 0.503418 0.522135 0.503418 0.520182 0.502930 0.520182
0 0.320801 0.515625 0.320312 0.516276 0.319824 0.516276 0.319824 0.517578 0.319336 0.518229 0.319336 0.519531 0.319824 0.519531 0.320312 0.520182 0.320801 0.520182 0.321289 0.519531 0.321777 0.519531 0.321777 0.516276 0.321289 0.516276
0 0.454590 0.508464 0.454102 0.509115 0.453613 0.509115 0.453613 0.510417 0.454102 0.510417 0.454590 0.511068 0.455078 0.510417 0.455566 0.510417 0.455566 0.509115 0.455078 0.509115
0 0.281738 0.501953 0.281250 0.501953 0.280762 0.501302 0.279785 0.501302 0.279297 0.501953 0.278809 0.501953 0.278809 0.503906 0.279297 0.503906 0.279785 0.504557 0.280273 0.503906 0.280762 0.503906 0.281250 0.503255 0.281738 0.503255
0 0.328125 0.492839 0.327637 0.493490 0.327148 0.492839 0.326660 0.493490 0.326172 0.493490 0.326172 0.494792 0.326660 0.495443 0.327148 0.495443 0.327637 0.496094 0.328125 0.495443 0.328613 0.495443 0.329102 0.494792 0.329102 0.493490 0.328613 0.493490
0 0.284668 0.485677 0.284180 0.486328 0.283691 0.486328 0.283691 0.487630 0.284180 0.487630 0.284668 0.488281 0.285156 0.487630 0.285645 0.487630 0.285645 0.486328 0.285156 0.486328
0 0.331543 0.480469 0.331055 0.480469 0.330566 0.481120 0.330078 0.481120 0.330078 0.483073 0.330566 0.483073 0.331055 0.483724 0.331543 0.483073 0.332031 0.483073 0.332520 0.482422 0.332520 0.481120 0.332031 0.481120
0 0.372070 0.470052 0.371582 0.470703 0.371094 0.470703 0.370605 0.471354 0.370605 0.472656 0.371094 0.472656 0.371582 0.473307 0.372070 0.472656 0.372559 0.472656 0.373047 0.472005 0.373047 0.470703 0.372559 0.470703
0 0.294434 0.466797 0.294434 0.468099 0.294922 0.468099 0.295410 0.468750 0.295898 0.468099 0.296387 0.468099 0.296875 0.468750 0.297363 0.468099 0.297852 0.468099 0.297852 0.466797 0.297363 0.466797 0.296875 0.466146 0.296387 0.466797 0.295898 0.466797 0.295410 0.466146 0.294922 0.466797
0 0.289062 0.460938 0.289062 0.462240 0.289551 0.462240 0.290039 0.462891 0.290527 0.462891 0.291016 0.463542 0.291504 0.462891 0.291992 0.462891 0.291992 0.461589 0.291504 0.460938 0.291016 0.460938 0.290527 0.460286 0.290039 0.460286 0.289551 0.460938
0 0.282227 0.450521 0.281738 0.451172 0.281250 0.451172 0.281250 0.452474 0.281738 0.452474 0.282227 0.453125 0.282715 0.452474 0.283203 0.452474 0.283203 0.451172 0.282715 0.451172
0 0.384766 0.445964 0.384277 0.446615 0.383789 0.446615 0.383789 0.447917 0.384277 0.448568 0.384766 0.448568 0.385254 0.449219 0.385742 0.448568 0.386230 0.448568 0.386230 0.447266 0.385742 0.446615 0.385254 0.446615
0 0.375488 0.440755 0.375488 0.442057 0.375977 0.442708 0.376465 0.442708 0.376953 0.443359 0.377441 0.443359 0.377930 0.442708 0.378418 0.442708 0.378906 0.443359 0.379395 0.443359 0.379883 0.444010 0.380371 0.443359 0.380859 0.443359 0.380859 0.442057 0.380371 0.442057 0.379883 0.441406 0.379395 0.442057 0.378906 0.442057 0.377930 0.440755 0.377441 0.440755 0.376953 0.440104 0.376465 0.440104 0.375977 0.440755
0 0.368652 0.440104 0.368652 0.441406 0.369141 0.441406 0.369629 0.442057 0.370117 0.441406 0.371094 0.441406 0.371582 0.442057 0.372070 0.441406 0.372559 0.441406 0.372559 0.440104 0.372070 0.440104 0.371582 0.439453 0.371094 0.440104 0.370117 0.440104 0.369629 0.439453 0.369141 0.440104
0 0.273438 0.434245 0.272949 0.434245 0.272461 0.433594 0.271973 0.433594 0.271484 0.434245 0.270996 0.434245 0.270508 0.434896 0.270020 0.434896 0.269043 0.436198 0.268066 0.436198 0.267578 0.436849 0.267090 0.436849 0.267090 0.438151 0.267578 0.438151 0.268066 0.438802 0.268555 0.438151 0.269531 0.438151 0.270020 0.437500 0.270508 0.438151 0.272461 0.438151 0.272949 0.437500 0.273438 0.437500
0 0.171875 0.430339 0.171387 0.430990 0.170898 0.430990 0.170898 0.432292 0.171387 0.432292 0.171875 0.432943 0.172363 0.432292 0.172852 0.432292 0.172852 0.430990 0.172363 0.430990
0 0.167969 0.422526 0.167480 0.423177 0.166992 0.423177 0.166992 0.424479 0.167480 0.425130 0.167480 0.425781 0.167969 0.425781 0.168457 0.426432 0.168945 0.425781 0.169434 0.425781 0.169434 0.424479 0.168945 0.423828 0.168945 0.423177 0.168457 0.423177
0 0.230469 0.410807 0.230469 0.412109 0.230957 0.412109 0.231445 0.412760 0.232422 0.412760 0.232910 0.413411 0.233398 0.413411 0.233887 0.412760 0.234375 0.412760 0.234375 0.411458 0.233887 0.411458 0.233398 0.410807 0.231934 0.410807 0.231445 0.410156 0.230957 0.410807
0 0.163086 0.410156 0.162598 0.410807 0.162109 0.410807 0.162109 0.412109 0.162598 0.412760 0.163086 0.412760 0.163574 0.413411 0.164062 0.412760 0.164551 0.412760 0.164551 0.411458 0.164062 0.410807 0.163574 0.410807
0 0.343750 0.407552 0.343750 0.408854 0.344238 0.408854 0.344727 0.409505 0.345215 0.408854 0.345703 0.409505 0.346191 0.409505 0.346680 0.408854 0.347168 0.408854 0.347168 0.407552 0.346680 0.407552 0.346191 0.406901 0.345703 0.406901 0.345215 0.407552 0.344727 0.406901 0.344238 0.407552
0 0.371094 0.402995 0.371094 0.404297 0.371582 0.404297 0.372070 0.404948 0.372559 0.404948 0.373047 0.404297 0.373535 0.404297 0.373535 0.402995 0.373047 0.402995 0.372559 0.402344 0.372070 0.402344 0.371582 0.402995
0 0.157715 0.399089 0.157227 0.399740 0.156738 0.399740 0.156738 0.401693 0.157227 0.402344 0.157715 0.402344 0.158203 0.402995 0.158691 0.402344 0.159180 0.402344 0.159180 0.401042 0.158691 0.400391 0.158691 0.399740 0.158203 0.399740
0 0.355957 0.399740 0.355957 0.401042 0.356445 0.401042 0.356934 0.401693 0.357422 0.401042 0.357910 0.401693 0.358887 0.401693 0.359375 0.401042 0.359863 0.401042 0.359863 0.399740 0.359375 0.399740 0.358887 0.399089 0.358398 0.399089 0.357910 0.398438 0.357422 0.398438 0.356934 0.399089 0.356445 0.399089
0 0.218262 0.390625 0.217773 0.391276 0.217285 0.391276 0.217285 0.392578 0.217773 0.393229 0.217773 0.394531 0.218262 0.395182 0.218262 0.395833 0.218750 0.395833 0.219238 0.396484 0.219727 0.395833 0.220215 0.395833 0.220215 0.394531 0.219727 0.393880 0.219727 0.393229 0.219238 0.392578 0.219238 0.391276 0.218750 0.391276
0 0.187500 0.377604 0.187012 0.378255 0.186523 0.378255 0.186523 0.379557 0.187012 0.379557 0.187500 0.380208 0.187988 0.379557 0.188477 0.379557 0.188477 0.378255 0.187988 0.378255
0 0.145020 0.375000 0.145020 0.376302 0.145996 0.377604 0.146484 0.377604 0.146973 0.378255 0.147461 0.377604 0.147949 0.377604 0.148438 0.376953 0.148438 0.375651 0.147949 0.375651 0.147461 0.375000 0.146484 0.375000 0.145996 0.374349 0.145508 0.375000
0 0.196777 0.371094 0.196289 0.371745 0.195801 0.371745 0.195312 0.372396 0.195312 0.373047 0.194336 0.374349 0.194336 0.375000 0.193848 0.375651 0.193848 0.376953 0.193359 0.377604 0.193359 0.378906 0.193848 0.378906 0.194336 0.379557 0.193848 0.380208 0.193359 0.380208 0.192871 0.380859 0.192383 0.380859 0.192383 0.383464 0.192871 0.384115 0.192871 0.384766 0.193359 0.384766 0.193848 0.385417 0.194336 0.384766 0.194824 0.384766 0.194824 0.380859 0.194336 0.380859 0.193848 0.380208 0.194824 0.378906 0.195312 0.378906 0.195801 0.378255 0.195801 0.376953 0.196289 0.376302 0.196289 0.375651 0.196777 0.375000 0.196777 0.374349 0.197754 0.373047 0.197754 0.371745 0.197266 0.371745
0 0.162598 0.369141 0.162109 0.369792 0.161621 0.369792 0.161621 0.371094 0.162109 0.371094 0.162598 0.371745 0.163086 0.371094 0.163574 0.371094 0.163574 0.369792 0.163086 0.369792
0 0.171387 0.367188 0.170898 0.367839 0.170410 0.367839 0.170410 0.369792 0.170898 0.369792 0.171387 0.370443 0.171875 0.369792 0.172363 0.369792 0.172363 0.367839 0.171875 0.367839
0 0.184082 0.368490 0.184570 0.368490 0.185059 0.369141 0.185547 0.369141 0.186035 0.368490 0.186523 0.368490 0.187500 0.367188 0.187988 0.367188 0.188477 0.367839 0.188965 0.367188 0.189453 0.367188 0.189453 0.365885 0.188965 0.365885 0.188477 0.365234 0.187988 0.365885 0.187500 0.365234 0.187012 0.365234 0.186523 0.364583 0.186035 0.364583 0.185547 0.365234 0.185059 0.365234 0.185059 0.365885 0.184082 0.367188
0 0.347656 0.360677 0.347168 0.361328 0.346680 0.361328 0.346680 0.362630 0.347168 0.362630 0.347656 0.363281 0.348145 0.362630 0.348633 0.362630 0.348633 0.361328 0.348145 0.361328
0 0.370605 0.360026 0.370117 0.360026 0.369629 0.359375 0.369141 0.360026 0.368652 0.360026 0.368164 0.359375 0.367676 0.360026 0.367188 0.360026 0.366699 0.360677 0.366211 0.360026 0.365723 0.360677 0.365234 0.360677 0.365234 0.361979 0.365723 0.361979 0.366211 0.362630 0.366699 0.361979 0.367188 0.361979 0.367676 0.362630 0.368652 0.362630 0.369141 0.361979 0.369629 0.361979 0.370117 0.361328 0.370605 0.361328
0 0.348633 0.356120 0.348633 0.358073 0.349121 0.358724 0.349609 0.358724 0.350098 0.359375 0.350586 0.359375 0.351074 0.358724 0.352051 0.358724 0.352539 0.359375 0.354004 0.359375 0.354492 0.360026 0.354980 0.359375 0.355469 0.359375 0.355957 0.358724 0.356445 0.358724 0.356934 0.359375 0.357422 0.358724 0.357910 0.359375 0.358398 0.358724 0.358887 0.358724 0.358887 0.357422 0.358398 0.357422 0.357910 0.356771 0.357422 0.357422 0.356934 0.356771 0.356445 0.357422 0.355957 0.357422 0.355469 0.358073 0.354980 0.358073 0.354492 0.357422 0.353516 0.357422 0.353027 0.356771 0.352539 0.356771 0.352051 0.357422 0.351562 0.356771 0.351074 0.356771 0.350586 0.356120 0.350098 0.356120 0.349609 0.355469 0.349121 0.356120
0 0.239746 0.347656 0.239258 0.348307 0.238770 0.348307 0.238281 0.348958 0.237793 0.348958 0.237793 0.350260 0.238281 0.350260 0.238770 0.350911 0.238770 0.351562 0.239258 0.351562 0.239746 0.352214 0.240234 0.352214 0.240723 0.351562 0.241211 0.351562 0.241211 0.350260 0.240723 0.349609 0.240723 0.348307 0.240234 0.348307
0 0.214844 0.328125 0.214355 0.328776 0.213867 0.328776 0.213867 0.330078 0.214355 0.330078 0.214844 0.330729 0.215332 0.330078 0.215820 0.330078 0.215820 0.328776 0.215332 0.328776
0 0.244629 0.327474 0.244141 0.328125 0.243652 0.328125 0.243652 0.328776 0.242676 0.330078 0.242676 0.332031 0.242188 0.332682 0.242188 0.333333 0.241699 0.333984 0.241699 0.335286 0.242188 0.335938 0.241699 0.336589 0.241211 0.336589 0.241211 0.337240 0.240234 0.338542 0.240234 0.339844 0.239258 0.341146 0.238770 0.341146 0.238770 0.345052 0.239258 0.345052 0.239746 0.345703 0.240234 0.345052 0.240723 0.345052 0.241211 0.344401 0.241211 0.342448 0.241699 0.341797 0.242188 0.341797 0.242188 0.341146 0.243164 0.339844 0.243164 0.338542 0.246094 0.334635 0.246094 0.333333 0.245605 0.333333 0.245117 0.332682 0.245117 0.330078 0.245605 0.329427 0.245605 0.328125 0.245117 0.328125
0 0.121094 0.326172 0.121094 0.327474 0.121582 0.327474 0.122070 0.328125 0.122559 0.328125 0.123047 0.327474 0.123535 0.327474 0.123535 0.326172 0.123047 0.326172 0.122559 0.325521 0.122070 0.325521 0.121582 0.326172
0 0.258789 0.320964 0.258301 0.320964 0.257812 0.320312 0.257324 0.320964 0.256836 0.320964 0.255859 0.322266 0.255371 0.322266 0.255371 0.322917 0.254883 0.323568 0.254395 0.322917 0.253906 0.323568 0.253418 0.323568 0.252441 0.324870 0.251953 0.324870 0.251953 0.326172 0.251465 0.326823 0.250977 0.326172 0.250488 0.326823 0.250000 0.326823 0.248047 0.329427 0.247559 0.329427 0.247559 0.331380 0.248047 0.331380 0.248535 0.332031 0.249023 0.331380 0.249512 0.331380 0.249512 0.330729 0.250000 0.330078 0.250488 0.330078 0.250977 0.329427 0.251465 0.329427 0.251465 0.328776 0.251953 0.328125 0.251953 0.326823 0.252441 0.326172 0.252930 0.326823 0.253418 0.326172 0.253906 0.326172 0.254883 0.324870 0.255371 0.324870 0.255371 0.324219 0.255859 0.323568 0.256348 0.324219 0.256836 0.324219 0.257324 0.323568 0.257812 0.323568 0.258301 0.322917 0.258789 0.322917
0 0.270020 0.319010 0.269531 0.319661 0.269043 0.319661 0.269043 0.320312 0.268555 0.320964 0.268555 0.322266 0.268066 0.322917 0.268066 0.323568 0.267578 0.324219 0.267578 0.325521 0.268066 0.326172 0.267578 0.326823 0.267090 0.326823 0.266113 0.328125 0.266113 0.329427 0.266602 0.329427 0.267090 0.330078 0.266602 0.330729 0.266602 0.332682 0.267090 0.332682 0.267578 0.333333 0.268066 0.333333 0.269043 0.334635 0.269531 0.334635 0.270020 0.335286 0.271484 0.335286 0.271973 0.335938 0.272461 0.335938 0.272949 0.336589 0.273438 0.335938 0.273926 0.336589 0.274902 0.336589 0.275391 0.337240 0.275879 0.337240 0.276367 0.337891 0.276855 0.337240 0.277344 0.337240 0.277344 0.335938 0.276855 0.335286 0.276367 0.335286 0.275879 0.334635 0.275391 0.334635 0.274902 0.333984 0.274414 0.333984 0.273926 0.333333 0.272949 0.333333 0.272461 0.332682 0.271973 0.332682 0.270020 0.330078 0.269531 0.330078 0.269043 0.329427 0.269043 0.326172 0.269531 0.325521 0.270020 0.325521 0.270020 0.323568 0.270508 0.322917 0.270508 0.321615 0.270996 0.320964 0.270996 0.319661 0.270508 0.319661
0 0.263672 0.317708 0.263184 0.317708 0.262695 0.317057 0.262207 0.317708 0.261719 0.317708 0.261230 0.318359 0.260742 0.318359 0.260742 0.319661 0.261230 0.319661 0.261719 0.320312 0.262207 0.319661 0.262695 0.319661 0.263184 0.319010 0.263672 0.319010
0 0.210449 0.316406 0.209961 0.317057 0.209473 0.317057 0.209473 0.318359 0.209961 0.319010 0.209961 0.319661 0.210449 0.320312 0.210449 0.321615 0.210938 0.322266 0.210938 0.322917 0.211426 0.322917 0.211914 0.323568 0.211914 0.326823 0.212402 0.326823 0.212891 0.327474 0.213379 0.326823 0.213867 0.326823 0.213867 0.324219 0.213379 0.324219 0.212891 0.323568 0.212891 0.321615 0.212402 0.320964 0.212402 0.320312 0.211914 0.319661 0.211914 0.317708 0.211426 0.317057 0.210938 0.317057
0 0.305176 0.314453 0.305176 0.315755 0.305664 0.315755 0.306152 0.316406 0.307129 0.316406 0.307617 0.317057 0.310059 0.317057 0.310547 0.316406 0.311035 0.316406 0.311523 0.315755 0.311523 0.314453 0.311035 0.314453 0.310547 0.313802 0.309082 0.313802 0.308594 0.314453 0.308105 0.314453 0.307617 0.313802 0.307129 0.313802 0.306641 0.314453 0.306152 0.313802 0.305664 0.314453
0 0.297363 0.313151 0.297363 0.314453 0.297852 0.314453 0.298340 0.315104 0.298828 0.315104 0.299316 0.315755 0.300781 0.315755 0.301270 0.315104 0.301758 0.315104 0.301758 0.313802 0.301270 0.313802 0.300781 0.313151 0.299805 0.313151 0.299316 0.312500 0.298828 0.313151 0.298340 0.312500 0.297852 0.313151
0 0.465332 0.311849 0.464844 0.311849 0.464355 0.311198 0.463867 0.311849 0.463379 0.311849 0.463379 0.313151 0.462891 0.313802 0.462891 0.317057 0.462402 0.317708 0.462402 0.319010 0.461426 0.320312 0.461426 0.320964 0.460938 0.321615 0.460938 0.322266 0.460449 0.322917 0.459961 0.322917 0.457520 0.326172 0.457031 0.326172 0.457031 0.328125 0.457520 0.328125 0.458008 0.328776 0.458496 0.328125 0.458984 0.328125 0.459473 0.327474 0.459961 0.327474 0.460449 0.326823 0.460938 0.326823 0.461426 0.326172 0.461914 0.326172 0.461914 0.324870 0.462402 0.324219 0.462891 0.324219 0.463379 0.323568 0.463867 0.323568 0.463867 0.322266 0.464355 0.321615 0.464844 0.321615 0.464844 0.320964 0.465332 0.320312 0.465332 0.319010 0.465820 0.318359 0.465820 0.317057 0.466797 0.315755 0.467285 0.315755 0.467285 0.314453 0.466797 0.314453 0.466309 0.313802 0.465820 0.314453 0.465332 0.314453 0.464844 0.313802 0.465332 0.313151
0 0.504395 0.309896 0.503906 0.309896 0.503418 0.309245 0.502930 0.309896 0.502441 0.309896 0.502441 0.311198 0.501953 0.311849 0.501465 0.311849 0.500977 0.312500 0.500977 0.313151 0.498535 0.316406 0.498535 0.317057 0.497070 0.319010 0.497070 0.319661 0.495605 0.321615 0.495605 0.322266 0.495117 0.322917 0.494629 0.322917 0.493164 0.324870 0.492676 0.324870 0.492188 0.325521 0.492188 0.327474 0.492676 0.327474 0.493164 0.328125 0.493652 0.328125 0.494141 0.327474 0.494629 0.327474 0.496582 0.324870 0.496582 0.323568 0.497070 0.322917 0.497559 0.322917 0.499023 0.320964 0.499512 0.320964 0.499512 0.319661 0.500000 0.319010 0.500000 0.318359 0.501465 0.316406 0.501953 0.316406 0.501953 0.315755 0.502930 0.314453 0.502930 0.313802 0.503418 0.313151 0.503418 0.311849 0.503906 0.311198 0.504395 0.311198
0 0.533691 0.304036 0.533203 0.304688 0.532715 0.304688 0.532715 0.305339 0.532227 0.305990 0.531738 0.305990 0.531738 0.307292 0.531250 0.307943 0.531250 0.312500 0.530762 0.313151 0.530762 0.317708 0.530273 0.318359 0.529785 0.318359 0.528320 0.320312 0.527832 0.320312 0.527832 0.328776 0.525879 0.330729 0.524414 0.331380 0.523438 0.332682 0.523438 0.333333 0.520020 0.337891 0.517578 0.338542 0.517090 0.339193 0.514648 0.340495 0.514648 0.341797 0.514160 0.342448 0.514160 0.346354 0.513672 0.347005 0.513672 0.348307 0.514160 0.348958 0.514160 0.353516 0.513672 0.354167 0.513672 0.356771 0.514160 0.356771 0.514648 0.357422 0.515137 0.356771 0.515625 0.356771 0.515625 0.356120 0.516113 0.355469 0.516113 0.350260 0.516602 0.349609 0.516602 0.343750 0.517090 0.343099 0.517090 0.342448 0.518555 0.341146 0.520020 0.341146 0.520508 0.340495 0.521973 0.339844 0.522949 0.338542 0.523438 0.338542 0.525391 0.335938 0.525391 0.335286 0.526855 0.333333 0.527344 0.333333 0.528320 0.332031 0.528809 0.332031 0.530273 0.329427 0.530273 0.320964 0.530762 0.320312 0.531250 0.320312 0.531738 0.319661 0.531738 0.318359 0.533203 0.317057 0.533203 0.315755 0.534180 0.313802 0.534180 0.307943 0.534668 0.307292 0.534668 0.304688 0.534180 0.304688
0 0.270020 0.311198 0.270020 0.312500 0.270508 0.312500 0.270996 0.313151 0.270508 0.313802 0.270508 0.315104 0.270996 0.315104 0.271484 0.315755 0.271973 0.315104 0.272461 0.315104 0.272461 0.314453 0.273926 0.312500 0.273926 0.311849 0.274414 0.311198 0.274902 0.311849 0.275391 0.311198 0.275879 0.311849 0.275879 0.312500 0.276367 0.312500 0.276855 0.313151 0.277344 0.313151 0.277832 0.312500 0.278320 0.313151 0.279297 0.313151 0.279785 0.312500 0.280762 0.312500 0.281250 0.313151 0.281738 0.312500 0.282227 0.313151 0.284180 0.313151 0.284668 0.312500 0.285156 0.313151 0.289551 0.313151 0.290039 0.313802 0.291504 0.313802 0.291992 0.314453 0.292969 0.314453 0.293457 0.313802 0.293945 0.313802 0.293945 0.312500 0.292480 0.311198 0.289062 0.311198 0.288574 0.310547 0.286621 0.310547 0.286133 0.309896 0.285156 0.309896 0.284668 0.310547 0.284180 0.309896 0.283691 0.310547 0.282227 0.310547 0.281738 0.311198 0.281250 0.310547 0.280273 0.310547 0.279785 0.309896 0.278320 0.309896 0.277832 0.310547 0.276855 0.310547 0.276367 0.311198 0.275879 0.310547 0.275879 0.309896 0.274902 0.308594 0.275879 0.306641 0.275879 0.305339 0.274414 0.304036 0.273926 0.304688 0.273438 0.304688 0.273438 0.305990 0.272461 0.307292 0.272461 0.307943 0.271973 0.308594 0.271484 0.308594 0.270508 0.309896 0.270508 0.310547
0 0.534668 0.299479 0.534180 0.300130 0.533691 0.300130 0.533203 0.300781 0.533203 0.302083 0.533691 0.302083 0.534180 0.302734 0.534668 0.302083 0.535156 0.302083 0.535645 0.301432 0.535645 0.300130 0.535156 0.300130
0 0.576660 0.299479 0.576660 0.300781 0.577148 0.300781 0.577637 0.301432 0.578125 0.301432 0.578613 0.302083 0.579102 0.302083 0.579590 0.302734 0.580078 0.302734 0.580566 0.302083 0.581055 0.302083 0.581055 0.300781 0.580566 0.300130 0.580078 0.300130 0.579590 0.299479 0.578613 0.299479 0.578125 0.298828 0.577637 0.298828 0.577148 0.299479
0 0.574219 0.298828 0.573730 0.299479 0.573242 0.299479 0.573242 0.300781 0.573730 0.300781 0.574219 0.301432 0.574707 0.300781 0.575195 0.300781 0.575195 0.299479 0.574707 0.299479
0 0.465820 0.296875 0.465332 0.297526 0.464844 0.297526 0.464844 0.298828 0.465332 0.298828 0.465820 0.299479 0.466309 0.298828 0.466797 0.298828 0.466797 0.297526 0.466309 0.297526
0 0.475586 0.296224 0.475098 0.296875 0.474609 0.296875 0.474609 0.298177 0.475098 0.298177 0.475586 0.298828 0.476074 0.298177 0.476562 0.298177 0.476562 0.296875 0.476074 0.296875
0 0.202148 0.295573 0.202148 0.296875 0.202637 0.297526 0.202637 0.298177 0.203125 0.298828 0.203125 0.299479 0.203613 0.299479 0.204102 0.300130 0.204590 0.300130 0.205078 0.299479 0.205566 0.299479 0.205566 0.298177 0.205078 0.298177 0.204590 0.297526 0.204590 0.296224 0.204102 0.295573 0.203613 0.295573 0.203125 0.294922 0.202637 0.295573
0 0.513672 0.291667 0.513672 0.292969 0.514160 0.292969 0.514648 0.293620 0.515137 0.292969 0.515625 0.293620 0.516113 0.292969 0.516602 0.292969 0.516602 0.291667 0.516113 0.291667 0.515625 0.291016 0.515137 0.291667 0.514648 0.291016 0.514160 0.291667
0 0.480469 0.291667 0.479980 0.291667 0.479492 0.291016 0.479004 0.291667 0.478516 0.291667 0.477539 0.292969 0.477539 0.294271 0.478027 0.294271 0.478516 0.294922 0.479004 0.294271 0.479492 0.294271 0.480469 0.292969
0 0.505859 0.287109 0.505371 0.287760 0.504883 0.287760 0.504883 0.289062 0.505371 0.289062 0.505859 0.289714 0.506348 0.289062 0.506836 0.289062 0.506836 0.287760 0.506348 0.287760
0 0.468262 0.284505 0.467773 0.285156 0.467285 0.285156 0.466797 0.285807 0.466797 0.287109 0.467285 0.287109 0.467773 0.287760 0.466797 0.289062 0.466309 0.289062 0.465820 0.289714 0.465820 0.291016 0.466309 0.291667 0.466797 0.291667 0.467285 0.292318 0.467773 0.291667 0.468262 0.291667 0.468262 0.289062 0.467773 0.289062 0.467285 0.288411 0.467773 0.287760 0.468262 0.287760 0.468750 0.287109 0.469238 0.287109 0.469238 0.285156 0.468750 0.285156
0 0.302246 0.282552 0.302246 0.283854 0.302734 0.283854 0.303223 0.284505 0.303223 0.285156 0.303711 0.285156 0.304199 0.285807 0.304688 0.285156 0.305176 0.285156 0.305176 0.283203 0.304688 0.283203 0.304199 0.282552 0.303711 0.282552 0.303223 0.281901 0.302734 0.282552
0 0.100586 0.281250 0.100098 0.281901 0.099609 0.281901 0.099609 0.283203 0.100098 0.283203 0.100586 0.283854 0.101074 0.283203 0.101562 0.283203 0.101562 0.281901 0.101074 0.281901
0 0.296875 0.277344 0.296387 0.277995 0.295898 0.277995 0.295898 0.279297 0.296387 0.279297 0.296875 0.279948 0.297363 0.279297 0.297852 0.279297 0.297852 0.277995 0.297363 0.277995
0 0.455566 0.275391 0.455078 0.276042 0.454590 0.276042 0.454590 0.277344 0.455078 0.277344 0.455566 0.277995 0.456055 0.277344 0.456543 0.277344 0.456543 0.276042 0.456055 0.276042
0 0.184570 0.274740 0.184082 0.275391 0.183594 0.275391 0.183594 0.276693 0.184082 0.277344 0.184082 0.277995 0.184570 0.278646 0.185059 0.278646 0.185547 0.279297 0.185547 0.281901 0.186035 0.282552 0.186035 0.283203 0.186523 0.283203 0.187012 0.283854 0.187500 0.283203 0.187988 0.283203 0.187988 0.281901 0.187500 0.281250 0.187500 0.279948 0.187012 0.279948 0.186523 0.279297 0.186523 0.276693 0.186035 0.276042 0.186035 0.275391 0.185547 0.275391 0.185059 0.274740
0 0.289062 0.274740 0.289062 0.276042 0.290039 0.277344 0.290527 0.277344 0.291016 0.277995 0.291504 0.277995 0.291992 0.278646 0.292480 0.277995 0.292969 0.277995 0.293457 0.278646 0.293945 0.277995 0.294434 0.277995 0.294434 0.276693 0.293945 0.276693 0.293457 0.276042 0.292969 0.276693 0.292480 0.276693 0.291504 0.275391 0.291504 0.274740 0.291016 0.274740 0.290527 0.274089 0.290039 0.274089 0.289551 0.274740
0 0.182617 0.270182 0.182129 0.270833 0.181641 0.270833 0.181641 0.272135 0.182129 0.272135 0.182617 0.272786 0.183105 0.272135 0.183594 0.272135 0.183594 0.270833 0.183105 0.270833
0 0.506348 0.268880 0.505859 0.269531 0.505371 0.269531 0.505371 0.270833 0.505859 0.270833 0.506348 0.271484 0.505371 0.272786 0.504883 0.272786 0.504883 0.274089 0.505371 0.274089 0.506348 0.275391 0.505859 0.276042 0.505371 0.276042 0.505371 0.279297 0.504883 0.279948 0.504883 0.282552 0.505371 0.282552 0.505859 0.283203 0.506348 0.282552 0.506836 0.282552 0.506836 0.279948 0.507324 0.279297 0.507324 0.276042 0.506836 0.276042 0.505859 0.274740 0.506348 0.274089 0.506836 0.274089 0.506836 0.272786 0.506348 0.272786 0.505859 0.272135 0.506836 0.270833 0.507324 0.270833 0.507324 0.269531 0.506836 0.269531
0 0.455566 0.263672 0.455078 0.264323 0.454590 0.264323 0.454590 0.265625 0.454102 0.266276 0.454102 0.267578 0.454590 0.267578 0.455078 0.268229 0.454590 0.268880 0.454590 0.271484 0.455078 0.271484 0.455566 0.272135 0.456055 0.271484 0.456543 0.271484 0.456543 0.268880 0.456055 0.268880 0.455566 0.268229 0.456543 0.266927 0.456543 0.264323 0.456055 0.264323
0 0.339355 0.259115 0.338867 0.259766 0.338379 0.259766 0.338379 0.261068 0.338867 0.261719 0.338867 0.265625 0.339355 0.265625 0.339844 0.266276 0.340332 0.265625 0.340820 0.265625 0.340820 0.260417 0.340332 0.259766 0.339844 0.259766
0 0.190430 0.259115 0.189941 0.259766 0.189453 0.259766 0.189453 0.261068 0.189941 0.261068 0.190918 0.262370 0.190430 0.263021 0.190430 0.264323 0.190918 0.264323 0.191895 0.265625 0.191895 0.268229 0.192383 0.268229 0.192871 0.268880 0.193359 0.268229 0.193848 0.268229 0.194336 0.267578 0.194336 0.266276 0.193359 0.264974 0.193359 0.263672 0.192871 0.263021 0.192871 0.261719 0.192383 0.261719 0.191406 0.260417 0.191406 0.259766 0.190918 0.259766
0 0.088867 0.255208 0.088379 0.255859 0.087891 0.255859 0.087891 0.257161 0.088379 0.257161 0.088867 0.257812 0.089355 0.257161 0.089844 0.257161 0.089844 0.255859 0.089355 0.255859
0 0.172852 0.247396 0.172852 0.248698 0.173340 0.248698 0.173828 0.249349 0.174316 0.249349 0.174805 0.250000 0.174805 0.250651 0.174316 0.251302 0.173828 0.251302 0.173828 0.252604 0.174316 0.252604 0.174805 0.253255 0.174805 0.254557 0.175293 0.254557 0.175781 0.255208 0.175781 0.257161 0.176270 0.257812 0.176270 0.258464 0.176758 0.259115 0.176758 0.259766 0.177246 0.259766 0.177734 0.260417 0.177734 0.261068 0.178223 0.261068 0.178711 0.261719 0.179199 0.261719 0.179688 0.261068 0.180176 0.261068 0.180176 0.259766 0.179199 0.258464 0.179199 0.257812 0.178711 0.257161 0.178711 0.256510 0.178223 0.255859 0.178223 0.255208 0.177734 0.255208 0.177246 0.254557 0.177246 0.252604 0.176758 0.252604 0.175781 0.251302 0.175293 0.251302 0.174805 0.250651 0.174805 0.250000 0.175293 0.249349 0.175781 0.249349 0.175781 0.248047 0.175293 0.248047 0.174805 0.247396 0.174316 0.247396 0.173828 0.246745 0.173340 0.247396
0 0.172852 0.243490 0.172363 0.244141 0.171875 0.244141 0.171875 0.245443 0.172363 0.245443 0.172852 0.246094 0.173340 0.245443 0.173828 0.245443 0.173828 0.244141 0.173340 0.244141
0 0.433105 0.240885 0.432617 0.241536 0.432129 0.241536 0.432129 0.243490 0.432617 0.243490 0.433105 0.244141 0.433594 0.243490 0.434082 0.243490 0.434082 0.241536 0.433594 0.241536
0 0.335938 0.235677 0.335449 0.236328 0.334961 0.236328 0.334961 0.242839 0.335449 0.243490 0.335938 0.243490 0.336426 0.244141 0.335938 0.244792 0.335938 0.247396 0.336426 0.248047 0.336426 0.250000 0.336914 0.250651 0.336914 0.252604 0.337402 0.252604 0.337891 0.253255 0.337891 0.254557 0.338379 0.254557 0.338867 0.255208 0.339355 0.254557 0.339844 0.254557 0.339844 0.253255 0.339355 0.253255 0.338867 0.252604 0.338867 0.251953 0.339355 0.251302 0.339355 0.250000 0.338867 0.249349 0.338867 0.248698 0.339355 0.248047 0.339355 0.246745 0.338867 0.246094 0.338379 0.246094 0.337891 0.245443 0.337891 0.244792 0.337402 0.244792 0.336914 0.244141 0.337402 0.243490 0.337891 0.243490 0.337891 0.242188 0.337402 0.241536 0.337402 0.238932 0.336914 0.238281 0.336914 0.236328 0.336426 0.236328
0 0.344238 0.230469 0.343750 0.231120 0.343262 0.231120 0.343262 0.233073 0.343750 0.233073 0.344238 0.233724 0.344727 0.233073 0.345215 0.233073 0.345215 0.231120 0.344727 0.231120
0 0.165039 0.226562 0.165039 0.227865 0.165527 0.227865 0.166016 0.228516 0.166016 0.229818 0.166504 0.229818 0.167480 0.231120 0.167480 0.231771 0.167969 0.231771 0.168457 0.232422 0.168945 0.231771 0.169434 0.231771 0.169434 0.230469 0.168945 0.229818 0.168945 0.229167 0.168457 0.229167 0.167969 0.228516 0.167480 0.228516 0.166992 0.227865 0.166992 0.226562 0.166504 0.226562 0.166016 0.225911 0.165527 0.226562
0 0.455566 0.209635 0.455078 0.209635 0.454590 0.210286 0.454102 0.210286 0.454102 0.214844 0.454590 0.214844 0.455078 0.215495 0.455566 0.214844 0.456055 0.214844 0.456055 0.214193 0.456543 0.213542 0.456543 0.210286 0.456055 0.210286
0 0.339844 0.191406 0.339355 0.192057 0.338867 0.192057 0.338867 0.201823 0.339355 0.202474 0.339355 0.207031 0.339844 0.207682 0.339844 0.209635 0.340332 0.209635 0.340820 0.210286 0.341309 0.209635 0.341797 0.209635 0.342285 0.208984 0.342285 0.207031 0.341797 0.206380 0.341797 0.197917 0.341309 0.197266 0.341309 0.195312 0.340820 0.194661 0.340820 0.192057 0.340332 0.192057
0 0.318359 0.184896 0.317871 0.185547 0.317383 0.185547 0.317383 0.186849 0.317871 0.186849 0.318359 0.187500 0.318848 0.186849 0.319336 0.186849 0.319336 0.185547 0.318848 0.185547
0 0.335938 0.171875 0.335449 0.172526 0.334961 0.172526 0.334961 0.174479 0.335449 0.174479 0.335938 0.175130 0.336426 0.174479 0.336914 0.174479 0.336914 0.172526 0.336426 0.172526
0 0.316895 0.169922 0.316406 0.170573 0.315918 0.170573 0.315918 0.171875 0.315430 0.172526 0.315430 0.173828 0.315918 0.174479 0.315918 0.176432 0.316406 0.177083 0.316406 0.177734 0.316895 0.177734 0.317383 0.178385 0.317871 0.177734 0.318359 0.177734 0.318359 0.175781 0.317871 0.175130 0.317871 0.174479 0.317383 0.173828 0.317383 0.172526 0.317871 0.171875 0.317871 0.170573 0.317383 0.170573
0 0.500488 0.169271 0.499512 0.169922 0.499512 0.171224 0.499023 0.171875 0.499023 0.186198 0.498535 0.186849 0.498535 0.194661 0.499023 0.195312 0.498047 0.195964 0.498047 0.197266 0.498535 0.197917 0.498047 0.200521 0.499023 0.201172 0.498047 0.201823 0.498047 0.204427 0.497559 0.205078 0.497559 0.212891 0.497070 0.213542 0.497070 0.214844 0.497559 0.215495 0.496582 0.217448 0.496582 0.227865 0.496094 0.228516 0.496094 0.233724 0.495605 0.234375 0.495605 0.237630 0.495117 0.238281 0.495117 0.239583 0.496582 0.240885 0.495605 0.242188 0.495117 0.242188 0.495117 0.243490 0.496094 0.244141 0.497070 0.243490 0.497070 0.242188 0.496094 0.241536 0.497070 0.240234 0.497559 0.240234 0.497559 0.236979 0.498047 0.236328 0.498047 0.235026 0.497559 0.234375 0.498535 0.231771 0.498535 0.220052 0.499023 0.219401 0.499512 0.211589 0.500000 0.210938 0.500000 0.207682 0.500488 0.207031 0.500488 0.205729 0.500000 0.205078 0.500488 0.202474 0.499512 0.201172 0.500488 0.200521 0.500488 0.195964 0.499512 0.195312 0.500488 0.194661 0.500488 0.189453 0.500977 0.188802 0.500977 0.187500 0.500488 0.186849 0.500977 0.186198 0.500977 0.184245 0.501465 0.183594 0.501465 0.169922
0 0.315918 0.163411 0.315430 0.164062 0.314941 0.164062 0.314941 0.167318 0.315430 0.167318 0.315918 0.167969 0.316406 0.167318 0.316895 0.167318 0.316895 0.164062 0.316406 0.164062
0 0.334473 0.158854 0.333984 0.159505 0.333496 0.159505 0.333496 0.160807 0.333984 0.160807 0.334473 0.161458 0.334961 0.160807 0.335449 0.160807 0.335449 0.159505 0.334961 0.159505
0 0.314941 0.158854 0.314453 0.159505 0.313965 0.159505 0.313965 0.160807 0.314453 0.160807 0.314941 0.161458 0.315430 0.160807 0.315918 0.160807 0.315918 0.159505 0.315430 0.159505
0 0.333984 0.152344 0.333496 0.152995 0.333008 0.152995 0.333008 0.155599 0.333496 0.156250 0.333496 0.156901 0.333984 0.156901 0.334473 0.157552 0.334961 0.157552 0.335449 0.156901 0.335938 0.156901 0.335938 0.155599 0.335449 0.155599 0.334961 0.154948 0.334961 0.152995 0.334473 0.152995
0 0.333008 0.143229 0.332520 0.143880 0.332031 0.143880 0.332031 0.148438 0.332520 0.149089 0.332520 0.150391 0.333008 0.150391 0.333496 0.151042 0.333984 0.150391 0.334473 0.150391 0.334473 0.148438 0.333984 0.147786 0.333984 0.143880 0.333496 0.143880
0 0.312500 0.141276 0.312012 0.141927 0.311523 0.141927 0.311523 0.143229 0.312012 0.143229 0.312500 0.143880 0.312012 0.144531 0.311523 0.144531 0.311523 0.148438 0.312012 0.148438 0.312500 0.149089 0.312012 0.149740 0.312012 0.151042 0.312500 0.151693 0.312500 0.154297 0.312988 0.154297 0.313477 0.154948 0.313477 0.156250 0.313965 0.156250 0.314453 0.156901 0.314941 0.156250 0.315430 0.156250 0.315430 0.154948 0.314941 0.154297 0.314941 0.151693 0.314453 0.151042 0.314453 0.149740 0.313965 0.149740 0.313477 0.149089 0.313477 0.146484 0.313965 0.145833 0.313965 0.144531 0.313477 0.144531 0.312988 0.143880 0.313477 0.143229 0.313477 0.141927 0.312988 0.141927
0 0.332031 0.138021 0.331543 0.138672 0.331055 0.138672 0.331055 0.139974 0.331543 0.140625 0.331543 0.141276 0.332031 0.141276 0.332520 0.141927 0.333008 0.141276 0.333496 0.141276 0.333496 0.139323 0.333008 0.138672 0.332520 0.138672
0 0.500488 0.123698 0.500000 0.124349 0.499512 0.124349 0.499512 0.126302 0.500000 0.126953 0.499512 0.127604 0.499023 0.127604 0.499023 0.130208 0.498535 0.130859 0.498535 0.132161 0.498047 0.132812 0.498047 0.136068 0.498535 0.136068 0.499023 0.136719 0.499512 0.136719 0.500000 0.136068 0.500488 0.136068 0.500488 0.132161 0.500977 0.131510 0.500977 0.127604 0.500488 0.126953 0.500977 0.126302 0.501465 0.126302 0.501465 0.124349 0.500977 0.124349
0 0.313965 0.123698 0.313477 0.123698 0.312988 0.123047 0.312500 0.123047 0.312012 0.123698 0.311523 0.123698 0.311523 0.124349 0.311035 0.125000 0.311035 0.126302 0.311523 0.126302 0.312012 0.126953 0.312500 0.126302 0.312988 0.126302 0.312988 0.125651 0.313477 0.125000 0.313965 0.125000
0 0.502441 0.113281 0.501953 0.113932 0.501465 0.113932 0.501465 0.116536 0.500977 0.117188 0.500977 0.117839 0.500488 0.118490 0.500488 0.119792 0.500977 0.119792 0.501465 0.120443 0.501953 0.119792 0.502441 0.119792 0.502441 0.119141 0.503418 0.117839 0.503418 0.113932 0.502930 0.113932
0 0.338379 0.111979 0.337891 0.112630 0.337402 0.112630 0.336426 0.113932 0.336426 0.115234 0.335449 0.116536 0.334961 0.116536 0.334961 0.117188 0.334473 0.117839 0.333984 0.117839 0.333496 0.118490 0.333008 0.118490 0.333008 0.121094 0.332031 0.122396 0.331543 0.121745 0.331055 0.122396 0.330566 0.122396 0.330078 0.123047 0.330078 0.123698 0.329590 0.124349 0.329590 0.130859 0.330078 0.130859 0.330566 0.131510 0.330566 0.136068 0.331055 0.136068 0.331543 0.136719 0.332031 0.136068 0.332520 0.136068 0.332520 0.132161 0.332031 0.132161 0.331543 0.131510 0.331543 0.130208 0.332031 0.129557 0.332031 0.126953 0.333008 0.125651 0.333008 0.125000 0.333496 0.124349 0.333496 0.123047 0.334473 0.121745 0.334961 0.121745 0.335938 0.120443 0.335938 0.119792 0.337402 0.117839 0.337402 0.116536 0.338379 0.115234 0.338867 0.115234 0.339355 0.114583 0.339355 0.112630 0.338867 0.112630
0 0.340820 0.108724 0.340332 0.109375 0.339844 0.109375 0.339844 0.110677 0.340332 0.110677 0.340820 0.111328 0.341309 0.110677 0.341797 0.110677 0.341797 0.109375 0.341309 0.109375
0 0.499512 0.098958 0.499512 0.100260 0.500000 0.100260 0.500488 0.100911 0.500977 0.100260 0.501465 0.100260 0.501953 0.100911 0.503418 0.100911 0.503906 0.101562 0.504395 0.101562 0.504883 0.102214 0.505371 0.102214 0.505859 0.101562 0.506348 0.101562 0.506348 0.100260 0.505371 0.098958 0.504883 0.098958 0.504395 0.098307 0.503906 0.098958 0.503418 0.098307 0.501953 0.098307 0.501465 0.098958 0.500977 0.098958 0.500488 0.098307 0.500000 0.098958
0 0.496582 0.098307 0.496094 0.098958 0.495605 0.098958 0.495605 0.100260 0.496094 0.100260 0.496582 0.100911 0.497070 0.100260 0.497559 0.100260 0.497559 0.098958 0.497070 0.098958
0 0.493164 0.098307 0.492676 0.098958 0.492188 0.098958 0.492188 0.100260 0.492676 0.100260 0.493164 0.100911 0.493652 0.100260 0.494141 0.100260 0.494141 0.098958 0.493652 0.098958
0 0.350586 0.094401 0.350098 0.094401 0.349609 0.093750 0.349121 0.093750 0.348633 0.094401 0.348145 0.094401 0.348145 0.095703 0.347168 0.097005 0.346680 0.097005 0.346680 0.097656 0.345215 0.099609 0.344727 0.099609 0.344238 0.100260 0.344238 0.101562 0.342773 0.103516 0.342773 0.105469 0.343262 0.105469 0.343750 0.106120 0.344238 0.105469 0.344727 0.105469 0.344727 0.104818 0.346680 0.102214 0.346680 0.100911 0.347656 0.099609 0.348145 0.099609 0.348145 0.098958 0.348633 0.098307 0.349121 0.098307 0.349121 0.097005 0.350098 0.095703 0.350586 0.095703
0 0.432129 0.091146 0.431641 0.091797 0.431152 0.091797 0.431152 0.093099 0.431641 0.093099 0.432129 0.093750 0.432617 0.093099 0.433105 0.093099 0.433105 0.091797 0.432617 0.091797
0 0.432129 0.079427 0.431641 0.080078 0.431152 0.080078 0.431152 0.080729 0.430664 0.081380 0.430664 0.083333 0.431152 0.083333 0.431641 0.083984 0.432129 0.083333 0.432617 0.083333 0.432617 0.082031 0.433105 0.081380 0.433105 0.080078 0.432617 0.080078
0 0.509766 0.076172 0.509277 0.076823 0.508789 0.076823 0.508301 0.077474 0.508301 0.079427 0.507812 0.080078 0.507812 0.081380 0.507324 0.082031 0.507324 0.083333 0.506836 0.083984 0.506836 0.085938 0.507324 0.086589 0.506836 0.087240 0.506836 0.087891 0.506348 0.088542 0.506348 0.089844 0.506836 0.089844 0.507324 0.090495 0.507812 0.089844 0.508301 0.089844 0.508301 0.089193 0.508789 0.088542 0.508789 0.087240 0.509277 0.086589 0.509277 0.083984 0.509766 0.083333 0.509766 0.080729 0.510254 0.080078 0.510254 0.078776 0.510742 0.078125 0.510742 0.076823 0.510254 0.076823
0 0.357910 0.067057 0.357422 0.067057 0.356934 0.066406 0.356445 0.067057 0.355957 0.067057 0.355957 0.067708 0.354980 0.069010 0.354492 0.069010 0.354492 0.069661 0.354004 0.070312 0.353516 0.070312 0.353027 0.070964 0.352539 0.070964 0.352539 0.071615 0.352051 0.072266 0.352051 0.072917 0.351562 0.073568 0.351074 0.073568 0.349609 0.075521 0.349609 0.076172 0.348633 0.077474 0.348633 0.078776 0.347168 0.080729 0.347168 0.081380 0.346680 0.082031 0.346191 0.082031 0.346191 0.082682 0.344727 0.084635 0.344238 0.084635 0.344238 0.085938 0.343750 0.086589 0.343750 0.087891 0.342773 0.089193 0.342285 0.089193 0.342285 0.090495 0.342773 0.090495 0.343262 0.091146 0.343750 0.090495 0.344238 0.090495 0.344238 0.089193 0.345215 0.087891 0.345703 0.087891 0.346191 0.087240 0.346191 0.086589 0.346680 0.085938 0.346680 0.085286 0.347168 0.084635 0.347656 0.084635 0.348145 0.083984 0.348633 0.083984 0.348633 0.083333 0.350098 0.081380 0.350098 0.080729 0.350586 0.080078 0.351074 0.080078 0.351074 0.079427 0.352051 0.078125 0.352051 0.077474 0.353516 0.075521 0.353516 0.074219 0.354004 0.073568 0.354492 0.073568 0.354980 0.072917 0.354980 0.071615 0.355957 0.070312 0.356445 0.070312 0.356445 0.069661 0.357422 0.068359 0.357910 0.068359
0 0.499023 0.065755 0.498535 0.066406 0.498047 0.066406 0.498047 0.068359 0.498535 0.069010 0.498047 0.069661 0.497559 0.069661 0.497559 0.070312 0.497070 0.070964 0.497070 0.071615 0.496582 0.072266 0.496582 0.073568 0.497070 0.073568 0.497559 0.074219 0.498047 0.073568 0.498535 0.073568 0.499023 0.072917 0.499023 0.071615 0.499512 0.070964 0.499512 0.069661 0.499023 0.069010 0.499512 0.068359 0.500000 0.068359 0.500000 0.066406 0.499512 0.066406
0 0.500000 0.058594 0.499512 0.059245 0.499023 0.059245 0.499023 0.060547 0.498535 0.061198 0.498535 0.063802 0.499023 0.063802 0.499512 0.064453 0.500000 0.063802 0.500488 0.063802 0.500488 0.063151 0.500977 0.062500 0.500977 0.061849 0.501465 0.061198 0.501465 0.059896 0.500977 0.059245 0.500488 0.059245
0 0.436523 0.056641 0.436523 0.058594 0.437012 0.058594 0.437500 0.059245 0.437988 0.058594 0.438477 0.059245 0.438477 0.062500 0.438965 0.062500 0.439453 0.063151 0.439941 0.063151 0.440430 0.062500 0.440918 0.062500 0.440918 0.061198 0.440430 0.060547 0.440430 0.059245 0.439941 0.059245 0.439453 0.058594 0.438965 0.059245 0.438477 0.058594 0.438477 0.056641 0.437988 0.056641 0.437500 0.055990 0.437012 0.056641
0 0.501953 0.055339 0.501465 0.055990 0.500977 0.055990 0.500977 0.057292 0.501465 0.057292 0.501953 0.057943 0.502441 0.057292 0.502930 0.057292 0.502930 0.055990 0.502441 0.055990
0 0.215820 0.050781 0.215332 0.050781 0.214844 0.050130 0.214355 0.050781 0.213867 0.050781 0.213867 0.052083 0.213379 0.052734 0.212891 0.052083 0.212402 0.052734 0.211914 0.052734 0.210938 0.054036 0.210449 0.054036 0.209961 0.054688 0.209473 0.054688 0.208496 0.055990 0.208008 0.055990 0.207031 0.057292 0.206543 0.057292 0.206543 0.058594 0.206055 0.059245 0.206055 0.059896 0.205566 0.060547 0.205078 0.060547 0.204590 0.059896 0.204102 0.060547 0.203613 0.060547 0.203125 0.061198 0.203125 0.063151 0.203613 0.063151 0.204102 0.063802 0.204590 0.063151 0.205078 0.063151 0.205078 0.062500 0.205566 0.061849 0.205566 0.061198 0.206055 0.060547 0.206543 0.060547 0.207031 0.061198 0.207520 0.060547 0.208008 0.060547 0.208008 0.059245 0.208496 0.058594 0.208984 0.058594 0.209473 0.057943 0.209961 0.057943 0.210938 0.056641 0.211426 0.056641 0.212402 0.055339 0.212891 0.055339 0.212891 0.054688 0.213379 0.054036 0.213867 0.054036 0.213867 0.053385 0.214355 0.052734 0.214844 0.053385 0.215332 0.052734 0.215820 0.052734
0 0.359375 0.046224 0.358887 0.046875 0.358398 0.046875 0.358398 0.048177 0.357910 0.048828 0.357910 0.050130 0.358398 0.050781 0.358398 0.056641 0.358887 0.057292 0.358887 0.057943 0.359863 0.059245 0.359375 0.059896 0.358887 0.059896 0.358887 0.060547 0.358398 0.061198 0.358398 0.064453 0.358887 0.064453 0.359375 0.065104 0.359863 0.064453 0.360352 0.064453 0.360352 0.063802 0.360840 0.063151 0.360840 0.062500 0.361328 0.061849 0.361328 0.061198 0.361816 0.060547 0.361816 0.059245 0.361328 0.058594 0.361328 0.055990 0.360840 0.055339 0.360840 0.050130 0.360352 0.049479 0.360352 0.046875 0.359863 0.046875
0 0.503906 0.044271 0.503418 0.044922 0.502930 0.044922 0.502930 0.046224 0.502441 0.046875 0.502441 0.048177 0.501953 0.048828 0.501953 0.050130 0.501465 0.050781 0.501465 0.052083 0.501953 0.052734 0.501953 0.053385 0.502441 0.053385 0.502930 0.054036 0.503418 0.053385 0.503906 0.053385 0.503906 0.052734 0.504395 0.052083 0.504395 0.050781 0.503906 0.050130 0.503906 0.049479 0.504395 0.048828 0.504883 0.048828 0.505371 0.048177 0.505371 0.046224 0.504883 0.045573 0.504883 0.044922 0.504395 0.044922
0 0.236328 0.029948 0.235840 0.030599 0.235352 0.030599 0.235352 0.031901 0.235840 0.031901 0.236328 0.032552 0.236816 0.031901 0.237305 0.031901 0.237305 0.030599 0.236816 0.030599
0 0.429688 0.005859 0.429199 0.006510 0.428711 0.006510 0.428711 0.007812 0.429199 0.007812 0.430176 0.009115 0.429688 0.009766 0.429199 0.009766 0.429199 0.011068 0.429688 0.011068 0.430664 0.012370 0.430176 0.013021 0.429688 0.013021 0.429688 0.014323 0.430176 0.014323 0.430664 0.014974 0.431152 0.014974 0.431641 0.015625 0.430664 0.016927 0.430664 0.019531 0.431152 0.020182 0.431152 0.020833 0.431641 0.020833 0.432129 0.021484 0.432617 0.020833 0.433105 0.020833 0.433105 0.016276 0.432617 0.016276 0.432129 0.015625 0.432617 0.014974 0.432617 0.011068 0.432129 0.010417 0.432129 0.007812 0.431641 0.007812 0.430664 0.006510 0.430176 0.006510
0 0.507812 0.000000 0.505371 0.000000 0.505371 0.007161 0.504883 0.007812 0.504883 0.016276 0.503906 0.018229 0.503906 0.031250 0.504395 0.031901 0.504395 0.032552 0.503906 0.033203 0.503906 0.035807 0.504395 0.036458 0.504395 0.041667 0.504883 0.041667 0.505371 0.042318 0.505859 0.041667 0.506348 0.041667 0.506348 0.039714 0.506836 0.039062 0.506836 0.035156 0.506348 0.034505 0.506348 0.028646 0.506836 0.027995 0.506836 0.020833 0.506348 0.020182 0.506348 0.018880 0.506836 0.018229 0.506836 0.013021 0.507324 0.012370 0.507324 0.002604 0.507812 0.001953