0 0.461914 0.542969 0.461426 0.543620 0.460938 0.543620 0.460449 0.544271 0.460449 0.548828 0.459961 0.549479 0.459961 0.552734 0.460449 0.552734 0.460938 0.553385 0.461426 0.553385 0.461914 0.554036 0.462402 0.553385 0.462891 0.554036 0.463379 0.553385 0.463867 0.553385 0.463867 0.549479 0.463379 0.548828 0.463379 0.545573 0.462891 0.544922 0.462891 0.543620 0.462402 0.543620
0 0.391602 0.541016 0.391113 0.541667 0.390625 0.541667 0.390625 0.542969 0.391113 0.542969 0.391602 0.543620 0.392090 0.542969 0.392578 0.542969 0.392578 0.541667 0.392090 0.541667
0 0.358398 0.537109 0.357910 0.537760 0.357422 0.537760 0.357422 0.539062 0.357910 0.539714 0.357910 0.541667 0.358398 0.542318 0.358398 0.542969 0.358887 0.542969 0.359375 0.543620 0.359863 0.542969 0.360352 0.542969 0.360840 0.542318 0.360840 0.539062 0.360352 0.538411 0.360352 0.537760 0.359863 0.537760 0.359375 0.537109
0 0.370117 0.531901 0.369629 0.532552 0.369141 0.532552 0.368652 0.533203 0.368164 0.533203 0.367676 0.533854 0.367676 0.535156 0.368164 0.535807 0.368164 0.537109 0.367676 0.537760 0.367676 0.542969 0.368164 0.543620 0.368164 0.544271 0.368652 0.544271 0.369141 0.544922 0.371094 0.544922 0.371582 0.544271 0.372070 0.544271 0.372559 0.544922 0.373047 0.544922 0.373535 0.544271 0.374023 0.544271 0.374023 0.542318 0.372559 0.540365 0.372559 0.539714 0.372070 0.539062 0.372070 0.536458 0.372559 0.535807 0.372559 0.534505 0.371094 0.532552 0.370605 0.532552
0 0.427734 0.528646 0.427246 0.529297 0.426758 0.529297 0.426758 0.530599 0.427246 0.530599 0.427734 0.531250 0.428223 0.530599 0.428711 0.530599 0.428711 0.529297 0.428223 0.529297
0 0.415039 0.528646 0.414551 0.529297 0.414062 0.529297 0.413574 0.529948 0.413574 0.533203 0.413086 0.533854 0.413086 0.541667 0.412598 0.542318 0.412598 0.543620 0.413086 0.544271 0.412598 0.544922 0.412598 0.546875 0.413086 0.547526 0.413086 0.548828 0.413574 0.548828 0.414062 0.549479 0.414551 0.548828 0.415039 0.549479 0.415527 0.548828 0.416504 0.548828 0.416992 0.548177 0.417480 0.548177 0.417969 0.547526 0.418457 0.547526 0.418457 0.539714 0.417969 0.539062 0.417969 0.538411 0.416992 0.537109 0.416992 0.533203 0.416504 0.533203 0.416016 0.532552 0.416504 0.531901 0.416504 0.529948 0.416016 0.529297 0.415527 0.529297
0 0.473633 0.527995 0.473145 0.528646 0.472656 0.528646 0.472656 0.529948 0.473145 0.529948 0.473633 0.530599 0.474121 0.529948 0.474609 0.529948 0.474609 0.528646 0.474121 0.528646
0 0.450195 0.522786 0.449707 0.523438 0.449219 0.523438 0.448730 0.524089 0.448242 0.524089 0.448242 0.526042 0.448730 0.526042 0.449219 0.526693 0.449219 0.527344 0.448730 0.527995 0.448242 0.527995 0.448242 0.531250 0.448730 0.531901 0.449219 0.531901 0.449707 0.532552 0.450195 0.531901 0.450684 0.531901 0.450684 0.530599 0.450195 0.529948 0.450195 0.527995 0.449707 0.527995 0.449219 0.527344 0.449219 0.526693 0.449707 0.526042 0.450195 0.526693 0.450684 0.526042 0.451172 0.526042 0.451172 0.523438 0.450684 0.523438
0 0.473633 0.518880 0.473145 0.519531 0.472656 0.519531 0.472656 0.520833 0.473145 0.520833 0.473633 0.521484 0.473633 0.524740 0.474121 0.524740 0.474609 0.525391 0.475098 0.524740 0.475586 0.524740 0.475586 0.522135 0.475098 0.522135 0.474609 0.521484 0.474609 0.519531 0.474121 0.519531
0 0.474609 0.515625 0.474121 0.516276 0.473633 0.516276 0.473633 0.517578 0.474121 0.517578 0.474609 0.518229 0.475098 0.517578 0.475586 0.517578 0.475586 0.516276 0.475098 0.516276
0 0.437988 0.514323 0.437500 0.514974 0.437012 0.514974 0.437012 0.518229 0.437500 0.518880 0.437500 0.519531 0.437012 0.520182 0.437012 0.524740 0.436523 0.525391 0.436523 0.530599 0.437012 0.530599 0.437500 0.531250 0.437988 0.530599 0.438477 0.530599 0.438965 0.529948 0.439453 0.529948 0.439941 0.529297 0.440430 0.529297 0.440430 0.528646 0.440918 0.527995 0.440918 0.526042 0.440430 0.525391 0.440430 0.523438 0.439941 0.522786 0.439941 0.519531 0.439453 0.518880 0.439453 0.516927 0.438965 0.516276 0.438965 0.514974 0.438477 0.514974
0 0.381836 0.511719 0.381348 0.512370 0.380859 0.511719 0.380371 0.512370 0.379883 0.512370 0.379395 0.513021 0.379395 0.516927 0.378418 0.518229 0.378418 0.520182 0.378906 0.520833 0.378906 0.521484 0.379395 0.522135 0.378906 0.522786 0.378418 0.522786 0.378418 0.525391 0.378906 0.526042 0.378906 0.529297 0.379395 0.529948 0.379883 0.529948 0.380371 0.530599 0.380859 0.529948 0.381348 0.529948 0.381836 0.529297 0.381836 0.528646 0.382324 0.527995 0.382324 0.527344 0.382812 0.526693 0.382812 0.526042 0.383301 0.525391 0.383301 0.524089 0.382812 0.524089 0.382324 0.523438 0.381836 0.523438 0.381348 0.522786 0.381348 0.522135 0.381836 0.521484 0.381836 0.519531 0.382324 0.518880 0.382324 0.518229 0.382812 0.517578 0.382812 0.515625 0.382324 0.514974 0.382324 0.514323 0.382812 0.513672 0.382812 0.512370 0.382324 0.512370
0 0.438965 0.511068 0.438477 0.511719 0.437988 0.511719 0.437988 0.513021 0.438477 0.513021 0.438965 0.513672 0.439453 0.513021 0.439941 0.513021 0.439941 0.511719 0.439453 0.511719
0 0.414551 0.511068 0.414062 0.511719 0.413574 0.511719 0.413574 0.513672 0.413086 0.514323 0.413086 0.516927 0.413574 0.517578 0.413574 0.519531 0.414062 0.519531 0.414551 0.520182 0.415039 0.519531 0.415527 0.519531 0.415527 0.518880 0.416016 0.518229 0.416016 0.516927 0.416504 0.516276 0.416504 0.514974 0.416016 0.514323 0.416016 0.512370 0.415527 0.511719 0.415039 0.511719
0 0.474121 0.509766 0.473633 0.510417 0.473145 0.510417 0.473145 0.511068 0.472656 0.511719 0.472656 0.513021 0.473145 0.513021 0.473633 0.513672 0.474121 0.513021 0.474609 0.513021 0.474609 0.512370 0.475098 0.511719 0.475098 0.510417 0.474609 0.510417
0 0.426270 0.504557 0.425781 0.505208 0.425293 0.505208 0.425293 0.507161 0.424805 0.507812 0.424805 0.519531 0.425293 0.519531 0.425781 0.520182 0.426270 0.519531 0.426758 0.519531 0.426758 0.516276 0.427246 0.515625 0.427246 0.510417 0.427734 0.509766 0.427734 0.508464 0.427246 0.508464 0.426758 0.507812 0.427246 0.507161 0.427246 0.505208 0.426758 0.505208
0 0.325684 0.505208 0.325684 0.506510 0.327148 0.507812 0.325684 0.509115 0.325195 0.512370 0.326660 0.514323 0.327148 0.517578 0.328125 0.518229 0.328125 0.519531 0.327148 0.520182 0.327148 0.522786 0.326660 0.523438 0.326660 0.525391 0.327148 0.526042 0.326660 0.527344 0.326660 0.529948 0.324707 0.532552 0.324707 0.538411 0.325195 0.539714 0.326172 0.540365 0.328125 0.540365 0.328613 0.541016 0.329590 0.541016 0.330078 0.540365 0.330566 0.541016 0.332520 0.541016 0.333496 0.540365 0.333496 0.539062 0.334961 0.536458 0.334961 0.535156 0.333984 0.534505 0.333984 0.533854 0.334961 0.533203 0.334473 0.529948 0.335938 0.526693 0.336426 0.527344 0.336426 0.537109 0.335938 0.537760 0.335938 0.540365 0.338379 0.541667 0.339355 0.541016 0.340820 0.542318 0.341309 0.541667 0.343262 0.541667 0.343750 0.542318 0.345703 0.541016 0.346191 0.537109 0.344727 0.535807 0.344727 0.531250 0.345215 0.530599 0.344727 0.527995 0.345703 0.527344 0.346191 0.526042 0.346191 0.523438 0.345703 0.522786 0.346191 0.522135 0.346191 0.520182 0.345215 0.519531 0.345215 0.516927 0.344727 0.516276 0.345215 0.514974 0.345215 0.512370 0.344727 0.511068 0.343750 0.510417 0.341309 0.511719 0.339355 0.516927 0.338379 0.516276 0.336426 0.517578 0.336426 0.522786 0.335938 0.523438 0.334961 0.522135 0.334961 0.520833 0.335449 0.520182 0.335938 0.508464 0.334473 0.507161 0.333496 0.507161 0.333008 0.507812 0.332520 0.507161 0.332520 0.505859 0.331543 0.505208 0.330566 0.505859 0.329590 0.508464 0.328125 0.507161 0.328125 0.505859 0.326660 0.504557
0 0.450195 0.503906 0.449707 0.504557 0.449219 0.504557 0.448730 0.505208 0.448730 0.515625 0.448242 0.516276 0.448242 0.517578 0.448730 0.517578 0.449219 0.518229 0.449707 0.517578 0.450195 0.518229 0.450684 0.517578 0.451172 0.517578 0.451172 0.516927 0.451660 0.516276 0.451660 0.514974 0.452637 0.513672 0.452637 0.506510 0.452148 0.505859 0.452148 0.505208 0.451660 0.505208 0.451172 0.504557 0.450684 0.504557
0 0.461914 0.501953 0.461426 0.502604 0.460938 0.502604 0.460938 0.503255 0.460449 0.503906 0.460449 0.507161 0.460938 0.507161 0.461426 0.507812 0.461914 0.507161 0.462402 0.507812 0.462891 0.507161 0.463379 0.507161 0.463379 0.503906 0.462891 0.503255 0.462891 0.502604 0.462402 0.502604
0 0.336426 0.501953 0.336426 0.504557 0.336914 0.504557 0.337402 0.505208 0.337891 0.504557 0.338379 0.505208 0.338867 0.504557 0.339355 0.504557 0.339844 0.503906 0.339844 0.502604 0.339355 0.502604 0.338867 0.501953 0.338379 0.501953 0.337891 0.501302 0.337402 0.501302 0.336914 0.501953
0 0.392090 0.492839 0.391602 0.493490 0.391113 0.493490 0.390625 0.494141 0.390625 0.499349 0.391113 0.500000 0.390625 0.500651 0.390137 0.500651 0.390137 0.501953 0.390625 0.502604 0.390625 0.507812 0.391113 0.507812 0.391602 0.508464 0.392090 0.507812 0.392578 0.507812 0.393066 0.507161 0.393066 0.501953 0.392578 0.501302 0.392578 0.500651 0.392090 0.500651 0.391602 0.500000 0.392090 0.499349 0.392578 0.499349 0.393066 0.498698 0.393066 0.493490 0.392578 0.493490
0 0.461426 0.492188 0.460938 0.492839 0.460449 0.492839 0.460449 0.494141 0.460938 0.494141 0.461426 0.494792 0.461914 0.494141 0.462402 0.494141 0.462402 0.492839 0.461914 0.492839
0 0.415039 0.488932 0.414551 0.489583 0.414062 0.489583 0.414062 0.490234 0.413574 0.490885 0.413574 0.492839 0.413086 0.493490 0.413086 0.494792 0.413574 0.495443 0.413574 0.500651 0.414062 0.501302 0.414551 0.501302 0.415039 0.501953 0.415527 0.501302 0.416016 0.501302 0.416504 0.500651 0.416992 0.500651 0.417480 0.500000 0.417480 0.498047 0.416992 0.497396 0.416992 0.496094 0.416504 0.495443 0.416504 0.490885 0.416016 0.490234 0.416016 0.489583 0.415527 0.489583
0 0.404297 0.481120 0.403809 0.481771 0.403320 0.481771 0.403320 0.483073 0.403809 0.483073 0.404297 0.483724 0.404785 0.483073 0.405273 0.483073 0.405273 0.481771 0.404785 0.481771
0 0.382324 0.479167 0.381836 0.479818 0.381348 0.479818 0.381348 0.481771 0.381836 0.481771 0.382324 0.482422 0.382324 0.483073 0.381836 0.483724 0.381348 0.483724 0.381348 0.485026 0.381836 0.485026 0.382324 0.485677 0.381836 0.486328 0.381348 0.486328 0.381348 0.487630 0.379883 0.489583 0.379883 0.491536 0.379395 0.492188 0.379395 0.494141 0.379883 0.494792 0.379883 0.497396 0.380371 0.497396 0.380859 0.498047 0.381348 0.497396 0.381836 0.497396 0.381836 0.496745 0.382324 0.496094 0.382324 0.493490 0.382812 0.492839 0.382812 0.491536 0.383301 0.490885 0.383301 0.486328 0.382812 0.486328 0.382324 0.485677 0.382812 0.485026 0.383301 0.485026 0.383301 0.483724 0.382812 0.483724 0.382324 0.483073 0.382324 0.482422 0.382812 0.481771 0.383301 0.481771 0.383301 0.479818 0.382812 0.479818
0 0.370117 0.477214 0.369141 0.477865 0.368652 0.479167 0.368164 0.488932 0.369141 0.491536 0.369141 0.493490 0.368164 0.497396 0.367676 0.496745 0.367676 0.492839 0.367188 0.492839 0.366211 0.490885 0.366211 0.486979 0.363770 0.485677 0.362793 0.486328 0.361816 0.488281 0.361328 0.487630 0.361328 0.484375 0.360352 0.480469 0.358887 0.479167 0.357910 0.479818 0.357422 0.481120 0.357422 0.490234 0.357910 0.490885 0.357422 0.491536 0.357910 0.493490 0.357422 0.495443 0.357910 0.495443 0.358887 0.497396 0.357910 0.498047 0.357910 0.502604 0.358887 0.503255 0.360352 0.501953 0.360352 0.498047 0.359375 0.497396 0.360840 0.496094 0.361816 0.496745 0.362305 0.498047 0.361328 0.499349 0.361328 0.500651 0.362305 0.503255 0.362305 0.507812 0.361816 0.508464 0.358887 0.507812 0.356934 0.509766 0.356934 0.511068 0.355957 0.513021 0.356445 0.518229 0.358398 0.518880 0.359375 0.518229 0.360840 0.515625 0.361328 0.516276 0.361816 0.521484 0.363770 0.525391 0.364258 0.528646 0.365234 0.529297 0.367676 0.528646 0.367676 0.524740 0.368164 0.524089 0.369629 0.525391 0.370605 0.524740 0.371094 0.522786 0.372070 0.522135 0.372559 0.517578 0.373535 0.515625 0.373535 0.512370 0.373047 0.511068 0.371582 0.509766 0.371582 0.503906 0.373047 0.501302 0.372559 0.493490 0.372070 0.492839 0.372559 0.488932 0.372070 0.488281 0.372070 0.482422 0.371582 0.481771 0.372070 0.481120 0.372070 0.478516
0 0.351074 0.476562 0.349121 0.477865 0.349121 0.479167 0.348145 0.479818 0.348145 0.482422 0.348633 0.483073 0.348633 0.484375 0.347656 0.486328 0.347656 0.503255 0.348633 0.505859 0.348145 0.506510 0.348145 0.507812 0.348633 0.508464 0.348145 0.511719 0.348633 0.513021 0.348145 0.513672 0.348145 0.518880 0.347168 0.519531 0.347168 0.524740 0.347656 0.525391 0.347656 0.527995 0.348145 0.528646 0.347656 0.529297 0.347656 0.531250 0.347168 0.531901 0.347168 0.535156 0.348145 0.535807 0.349609 0.535807 0.350098 0.536458 0.350586 0.535807 0.352051 0.537109 0.353027 0.536458 0.353027 0.535807 0.354004 0.534505 0.354492 0.534505 0.354004 0.531901 0.353027 0.531250 0.353516 0.530599 0.353516 0.526042 0.354004 0.525391 0.354004 0.522135 0.353516 0.522135 0.352539 0.520833 0.352539 0.516927 0.353027 0.515625 0.354004 0.514323 0.354492 0.514323 0.354492 0.510417 0.353516 0.509766 0.354004 0.508464 0.354004 0.506510 0.353516 0.505859 0.353516 0.504557 0.352539 0.503906 0.353027 0.503255 0.353027 0.501953 0.351562 0.501302 0.351074 0.500000 0.351562 0.499349 0.352539 0.500000 0.356445 0.497396 0.356445 0.496094 0.355957 0.495443 0.356445 0.494792 0.356445 0.490234 0.355957 0.489583 0.355957 0.488281 0.354980 0.487630 0.353516 0.488932 0.352539 0.487630 0.352539 0.485677 0.352051 0.485026 0.352539 0.484375 0.352539 0.479167 0.352051 0.478516 0.352051 0.477214
0 0.323730 0.464193 0.321777 0.465495 0.321777 0.468099 0.322266 0.468750 0.320801 0.470703 0.320801 0.473307 0.321289 0.473958 0.319824 0.477214 0.319824 0.481120 0.319336 0.481771 0.319336 0.485026 0.319824 0.486328 0.318848 0.486979 0.318848 0.490234 0.319824 0.490885 0.319824 0.492839 0.320312 0.493490 0.319824 0.494141 0.319824 0.499349 0.320801 0.500000 0.320312 0.500651 0.320312 0.502604 0.319336 0.503255 0.319336 0.503906 0.318359 0.505208 0.318359 0.514323 0.320312 0.519531 0.318359 0.522786 0.318359 0.524089 0.317871 0.524740 0.317871 0.529297 0.317383 0.529948 0.317871 0.533203 0.319336 0.533854 0.320312 0.535156 0.320312 0.537760 0.322266 0.539062 0.323242 0.538411 0.323242 0.533203 0.323730 0.532552 0.323730 0.527995 0.323242 0.527344 0.323242 0.524740 0.322266 0.524089 0.322266 0.521484 0.323242 0.520182 0.323730 0.520182 0.323730 0.518880 0.323242 0.518229 0.323730 0.517578 0.323730 0.510417 0.324219 0.509766 0.324219 0.508464 0.323730 0.507812 0.323730 0.500000 0.323242 0.500000 0.322754 0.498698 0.323730 0.496094 0.324707 0.495443 0.325195 0.485677 0.325684 0.485026 0.325684 0.477865 0.324707 0.477214 0.325195 0.476562 0.325195 0.466797 0.324707 0.466146 0.324707 0.464844
0 0.322754 0.447917 0.322266 0.447917 0.321777 0.448568 0.321289 0.448568 0.321289 0.450521 0.320801 0.451172 0.320801 0.453776 0.321289 0.453776 0.321777 0.454427 0.322266 0.454427 0.322754 0.453776 0.323242 0.453776 0.323242 0.453125 0.323730 0.452474 0.323730 0.451823 0.324219 0.451172 0.324707 0.451172 0.324707 0.449870 0.323730 0.448568 0.323242 0.448568
0 0.338867 0.444661 0.338379 0.445312 0.337891 0.445312 0.337891 0.447917 0.338379 0.447917 0.338867 0.448568 0.338379 0.449219 0.337891 0.449219 0.337891 0.450521 0.338379 0.450521 0.338867 0.451172 0.339355 0.450521 0.339844 0.450521 0.339844 0.449219 0.339355 0.449219 0.338867 0.448568 0.339355 0.447917 0.339844 0.447917 0.339844 0.445312 0.339355 0.445312
0 0.340332 0.437500 0.339844 0.438151 0.339355 0.438151 0.339355 0.439453 0.339844 0.439453 0.340332 0.440104 0.340820 0.439453 0.341309 0.439453 0.341309 0.438151 0.340820 0.438151
0 0.329590 0.406901 0.328613 0.407552 0.328125 0.410156 0.328613 0.422526 0.327148 0.430990 0.327637 0.432943 0.327148 0.435547 0.328125 0.436849 0.327148 0.437500 0.327148 0.438802 0.328125 0.440104 0.326660 0.444010 0.326172 0.440104 0.325195 0.439453 0.322266 0.440104 0.322266 0.442057 0.324219 0.443359 0.323242 0.444010 0.323242 0.446615 0.324219 0.447266 0.326172 0.444661 0.327148 0.447266 0.327637 0.453776 0.327148 0.454427 0.327148 0.470703 0.326660 0.471354 0.327148 0.476562 0.326660 0.478516 0.329102 0.481120 0.331543 0.480469 0.331543 0.477865 0.333008 0.475911 0.333984 0.476562 0.335449 0.475260 0.335938 0.473958 0.335449 0.472005 0.337402 0.465495 0.338379 0.468099 0.337402 0.468750 0.337891 0.470703 0.336914 0.471354 0.336914 0.495443 0.338379 0.496745 0.339355 0.496094 0.338867 0.494141 0.339844 0.493490 0.341309 0.495443 0.344238 0.496745 0.345215 0.496094 0.344727 0.489583 0.346191 0.487630 0.346191 0.485026 0.345215 0.480469 0.342773 0.475911 0.341797 0.471354 0.340820 0.470703 0.341309 0.470052 0.340820 0.465495 0.341309 0.462891 0.342285 0.462240 0.342285 0.457682 0.339355 0.455729 0.337402 0.457031 0.336426 0.455078 0.336914 0.454427 0.336426 0.452474 0.336914 0.451823 0.336914 0.439453 0.336426 0.436198 0.333984 0.433594 0.334961 0.428385 0.334473 0.424479 0.333496 0.423828 0.334961 0.416667 0.333496 0.414714 0.333984 0.412109 0.333008 0.411458 0.333008 0.409505
0 0.341309 0.381510 0.340820 0.382161 0.340332 0.382161 0.340332 0.401042 0.339844 0.401693 0.339844 0.402995 0.340332 0.403646 0.339844 0.404297 0.339844 0.408203 0.338867 0.409505 0.338867 0.411458 0.339355 0.412109 0.338867 0.412760 0.338867 0.418620 0.339355 0.418620 0.339844 0.419271 0.340332 0.419271 0.340820 0.418620 0.341797 0.418620 0.342285 0.417969 0.342773 0.417969 0.343262 0.417318 0.343750 0.417318 0.344727 0.416016 0.344727 0.414714 0.344238 0.414062 0.344238 0.413411 0.342773 0.412109 0.342773 0.410807 0.342285 0.410156 0.342285 0.408203 0.341797 0.407552 0.341797 0.405599 0.342773 0.403646 0.342773 0.400391 0.342285 0.399740 0.342773 0.399089 0.342773 0.396484 0.344238 0.395182 0.344238 0.391927 0.343750 0.391276 0.343750 0.390625 0.343262 0.390625 0.342773 0.389974 0.342773 0.388672 0.342285 0.388021 0.342285 0.382161 0.341797 0.382161
0 0.372070 0.371094 0.371582 0.371745 0.371094 0.371745 0.371094 0.374349 0.371582 0.374349 0.372070 0.375000 0.372559 0.374349 0.373047 0.374349 0.373047 0.371745 0.372559 0.371745
0 0.553711 0.362630 0.553223 0.363281 0.552734 0.363281 0.552734 0.363932 0.552246 0.364583 0.551758 0.364583 0.551758 0.371745 0.552246 0.372396 0.552246 0.373047 0.552734 0.373698 0.553223 0.373698 0.553711 0.374349 0.554199 0.374349 0.554688 0.373698 0.555176 0.373698 0.555664 0.373047 0.555664 0.369141 0.556152 0.368490 0.556152 0.367188 0.555664 0.366536 0.555664 0.364583 0.554688 0.363281 0.554199 0.363281
0 0.373535 0.361979 0.373047 0.362630 0.372559 0.362630 0.372070 0.361979 0.371582 0.362630 0.371094 0.362630 0.371094 0.365234 0.370605 0.365885 0.370605 0.367839 0.371094 0.368490 0.371582 0.368490 0.372070 0.369141 0.372559 0.368490 0.373047 0.368490 0.373047 0.365885 0.373535 0.365234 0.374023 0.365234 0.374512 0.364583 0.374512 0.362630 0.374023 0.362630
0 0.269043 0.360026 0.268555 0.360677 0.268066 0.360677 0.268066 0.363281 0.268555 0.363281 0.269043 0.363932 0.269531 0.363281 0.270020 0.363281 0.270020 0.360677 0.269531 0.360677
0 0.539062 0.359375 0.538574 0.360026 0.538086 0.360026 0.537598 0.360677 0.537598 0.361979 0.537109 0.362630 0.537109 0.370443 0.537598 0.370443 0.538086 0.371094 0.538574 0.370443 0.539062 0.370443 0.539551 0.369792 0.539551 0.369141 0.540039 0.368490 0.540527 0.368490 0.541016 0.369141 0.541016 0.373698 0.541504 0.373698 0.542480 0.375000 0.542969 0.375000 0.543457 0.375651 0.543945 0.375651 0.544434 0.375000 0.544922 0.375000 0.545410 0.374349 0.545410 0.373698 0.545898 0.373047 0.545898 0.371745 0.545410 0.371094 0.545410 0.370443 0.545898 0.369792 0.545898 0.363932 0.545410 0.363932 0.544922 0.363281 0.542969 0.363281 0.542480 0.363932 0.541992 0.363932 0.541992 0.364583 0.541504 0.365234 0.541504 0.367188 0.541016 0.367839 0.540527 0.367188 0.540527 0.360677 0.540039 0.360026 0.539551 0.360026
0 0.352539 0.355469 0.352051 0.356120 0.351562 0.356120 0.351562 0.361328 0.351074 0.361979 0.351074 0.364583 0.350586 0.365234 0.350586 0.366536 0.351074 0.367188 0.350586 0.367839 0.350586 0.372396 0.351074 0.373047 0.351074 0.373698 0.351562 0.373698 0.352051 0.374349 0.352539 0.373698 0.353027 0.373698 0.353516 0.373047 0.353516 0.371094 0.354004 0.370443 0.354004 0.361979 0.353516 0.361328 0.354004 0.360677 0.354004 0.358724 0.353516 0.358073 0.353516 0.356120 0.353027 0.356120
0 0.510254 0.353516 0.509766 0.354167 0.509277 0.354167 0.508789 0.354818 0.508789 0.365234 0.509277 0.365234 0.509766 0.365885 0.509766 0.367839 0.509277 0.368490 0.509277 0.369792 0.509766 0.369792 0.510254 0.370443 0.510742 0.369792 0.511230 0.369792 0.511230 0.368490 0.512207 0.367188 0.512207 0.362630 0.511719 0.361979 0.511719 0.360677 0.511230 0.360026 0.511230 0.357422 0.511719 0.356771 0.511719 0.355469 0.511230 0.354818 0.511230 0.354167 0.510742 0.354167
0 0.491699 0.353516 0.491211 0.353516 0.490723 0.354167 0.490234 0.354167 0.490234 0.354818 0.489746 0.355469 0.489746 0.357422 0.489258 0.358073 0.488770 0.358073 0.488281 0.357422 0.487793 0.357422 0.487305 0.358073 0.486816 0.358073 0.485352 0.360026 0.484863 0.360026 0.483887 0.361328 0.483887 0.365234 0.484375 0.365885 0.483887 0.366536 0.483887 0.370443 0.484375 0.371094 0.484375 0.376302 0.484863 0.376302 0.485352 0.376953 0.485840 0.376302 0.486328 0.376302 0.486816 0.375651 0.487305 0.375651 0.487793 0.375000 0.487793 0.373698 0.488281 0.373047 0.488281 0.372396 0.489258 0.371094 0.489746 0.371094 0.490234 0.370443 0.490723 0.370443 0.492188 0.368490 0.492676 0.368490 0.493164 0.367839 0.493164 0.365234 0.493652 0.364583 0.493652 0.354818 0.493164 0.354818 0.492676 0.354167 0.492188 0.354167
0 0.288086 0.354167 0.288086 0.355469 0.288574 0.355469 0.289062 0.356120 0.289551 0.356120 0.290039 0.356771 0.290527 0.356120 0.291016 0.356120 0.291016 0.354167 0.290527 0.354167 0.290039 0.353516 0.289062 0.353516 0.288574 0.354167
0 0.398438 0.351562 0.397949 0.352214 0.397461 0.351562 0.395020 0.351562 0.394531 0.352214 0.394043 0.352214 0.394043 0.353516 0.393555 0.354167 0.393066 0.354167 0.393066 0.357422 0.393555 0.357422 0.394531 0.358724 0.394531 0.360026 0.395020 0.360677 0.394531 0.361328 0.394531 0.363932 0.393555 0.365234 0.393066 0.365234 0.393066 0.366536 0.392578 0.367188 0.392578 0.367839 0.392090 0.368490 0.392090 0.375651 0.392578 0.375651 0.393066 0.376302 0.393555 0.375651 0.394043 0.375651 0.394531 0.375000 0.395020 0.375000 0.395508 0.374349 0.395996 0.374349 0.396484 0.373698 0.396973 0.373698 0.397461 0.373047 0.397461 0.372396 0.397949 0.371745 0.397949 0.371094 0.398438 0.370443 0.398438 0.369141 0.398926 0.368490 0.398926 0.365885 0.399414 0.365234 0.399414 0.352214 0.398926 0.352214
0 0.377441 0.351562 0.376953 0.351562 0.376465 0.352214 0.375977 0.352214 0.375488 0.352865 0.375000 0.352865 0.375000 0.354818 0.374512 0.355469 0.374512 0.356771 0.374023 0.357422 0.374023 0.359375 0.374512 0.360026 0.374512 0.361328 0.375000 0.361328 0.375488 0.361979 0.375977 0.361979 0.376465 0.361328 0.376953 0.361979 0.377441 0.361328 0.377930 0.361328 0.377930 0.358073 0.378418 0.357422 0.378906 0.357422 0.378906 0.353516 0.378418 0.352865 0.378418 0.352214 0.377930 0.352214
0 0.280273 0.351562 0.279785 0.352214 0.279297 0.351562 0.278809 0.352214 0.278320 0.352214 0.278320 0.356120 0.278809 0.356771 0.279297 0.356771 0.279785 0.357422 0.280273 0.356771 0.280762 0.356771 0.280762 0.355469 0.280273 0.354818 0.280762 0.354167 0.281250 0.354167 0.281250 0.352214 0.280762 0.352214
0 0.350586 0.352214 0.350586 0.353516 0.351074 0.353516 0.351562 0.354167 0.353027 0.354167 0.353516 0.353516 0.354004 0.353516 0.354004 0.352214 0.353516 0.352214 0.353027 0.351562 0.352539 0.351562 0.352051 0.350911 0.351562 0.351562 0.351074 0.351562
0 0.373047 0.350260 0.372559 0.350911 0.372070 0.350911 0.372070 0.352214 0.371582 0.352865 0.371582 0.354167 0.372070 0.354167 0.372559 0.354818 0.373047 0.354167 0.373535 0.354167 0.373535 0.353516 0.374023 0.352865 0.374023 0.350911 0.373535 0.350911
0 0.523926 0.347656 0.523438 0.348307 0.522949 0.348307 0.522461 0.348958 0.522461 0.354167 0.521973 0.354818 0.521973 0.363932 0.522461 0.364583 0.522461 0.367839 0.521973 0.368490 0.521973 0.371094 0.522949 0.372396 0.522461 0.373047 0.521973 0.373047 0.521973 0.375651 0.522461 0.376302 0.522461 0.377604 0.522949 0.378255 0.523438 0.378255 0.523926 0.378906 0.524414 0.378255 0.524902 0.378255 0.525879 0.376953 0.525879 0.376302 0.526367 0.375651 0.526855 0.375651 0.526855 0.373047 0.527832 0.371745 0.527832 0.369141 0.527344 0.368490 0.527344 0.367839 0.526855 0.367188 0.526855 0.366536 0.527832 0.365234 0.527832 0.361979 0.527344 0.361328 0.527344 0.360677 0.526855 0.360026 0.526855 0.356771 0.526367 0.356120 0.526367 0.355469 0.525879 0.354818 0.525879 0.352865 0.525391 0.352865 0.524902 0.352214 0.524902 0.348307 0.524414 0.348307
0 0.395020 0.347656 0.394531 0.348307 0.394043 0.348307 0.394043 0.349609 0.394531 0.349609 0.395020 0.350260 0.395508 0.349609 0.395996 0.349609 0.395996 0.348307 0.395508 0.348307
0 0.467285 0.343099 0.466797 0.343750 0.466309 0.343750 0.465332 0.345052 0.465332 0.347005 0.465820 0.347656 0.465820 0.350260 0.466309 0.350260 0.466797 0.350911 0.467773 0.350911 0.468262 0.350260 0.468750 0.350260 0.468750 0.348958 0.469238 0.348307 0.469238 0.346354 0.468750 0.345703 0.468750 0.344401 0.468262 0.343750 0.467773 0.343750
0 0.433594 0.340495 0.433105 0.341146 0.432617 0.341146 0.432617 0.342448 0.433105 0.342448 0.433594 0.343099 0.434082 0.342448 0.434570 0.342448 0.434570 0.341146 0.434082 0.341146
0 0.362793 0.340495 0.362305 0.341146 0.361816 0.341146 0.361816 0.345703 0.361328 0.346354 0.360840 0.346354 0.360840 0.349609 0.361328 0.350260 0.360352 0.351562 0.360352 0.354167 0.360840 0.354818 0.360840 0.363932 0.360352 0.364583 0.359863 0.364583 0.359863 0.365885 0.360352 0.366536 0.359863 0.367188 0.359863 0.370443 0.360352 0.371094 0.360352 0.372396 0.360840 0.372396 0.361328 0.373047 0.362305 0.373047 0.362793 0.373698 0.362305 0.374349 0.362305 0.375651 0.362793 0.375651 0.363281 0.376302 0.364258 0.376302 0.365723 0.375000 0.365723 0.374349 0.366699 0.372396 0.366699 0.371094 0.367188 0.370443 0.367188 0.369141 0.367676 0.368490 0.367676 0.367188 0.367188 0.366536 0.367188 0.365885 0.366699 0.365885 0.366211 0.365234 0.365723 0.365234 0.364746 0.363932 0.364746 0.363281 0.365234 0.362630 0.366699 0.362630 0.367188 0.361979 0.367676 0.361979 0.367676 0.360677 0.368164 0.360026 0.368164 0.356120 0.367676 0.356120 0.367188 0.355469 0.366211 0.355469 0.365723 0.356120 0.364746 0.354818 0.364746 0.352865 0.364258 0.352214 0.364258 0.345052 0.363770 0.344401 0.363770 0.341146 0.363281 0.341146
0 0.342773 0.339844 0.342285 0.340495 0.341797 0.340495 0.341797 0.341797 0.341309 0.342448 0.341309 0.344401 0.340820 0.345052 0.340820 0.347005 0.341309 0.347005 0.341797 0.347656 0.341797 0.348307 0.341309 0.348958 0.341309 0.349609 0.340820 0.350260 0.340820 0.351562 0.341309 0.351562 0.341797 0.352214 0.341309 0.352865 0.340820 0.352865 0.340820 0.354818 0.340332 0.355469 0.340332 0.363281 0.340820 0.363932 0.340820 0.364583 0.341309 0.364583 0.341797 0.365234 0.342285 0.365234 0.342773 0.365885 0.343262 0.365234 0.343750 0.365234 0.343750 0.364583 0.344238 0.363932 0.344238 0.363281 0.344727 0.362630 0.345215 0.362630 0.345215 0.361979 0.345703 0.361328 0.346191 0.361328 0.346191 0.358724 0.346680 0.358073 0.346680 0.356771 0.346191 0.356120 0.345703 0.356120 0.344727 0.354818 0.344727 0.352214 0.344238 0.351562 0.344238 0.347656 0.343750 0.347005 0.343750 0.346354 0.344238 0.345703 0.344238 0.343099 0.343750 0.342448 0.343750 0.340495 0.343262 0.340495
0 0.505859 0.339193 0.503906 0.339193 0.503418 0.339844 0.502930 0.339844 0.502930 0.340495 0.502441 0.341146 0.502441 0.342448 0.501953 0.343099 0.501953 0.346354 0.502441 0.347005 0.502441 0.347656 0.501953 0.348307 0.500488 0.347005 0.500000 0.347656 0.499512 0.347656 0.499512 0.348307 0.499023 0.348958 0.498535 0.348958 0.498535 0.349609 0.497070 0.351562 0.496582 0.351562 0.496582 0.354167 0.496094 0.354818 0.496094 0.356120 0.496582 0.356771 0.496582 0.366536 0.496094 0.367188 0.496094 0.371745 0.496582 0.372396 0.496582 0.376302 0.497559 0.377604 0.498047 0.377604 0.498535 0.378255 0.499023 0.377604 0.499512 0.377604 0.499512 0.376953 0.500977 0.375651 0.500977 0.375000 0.501953 0.373698 0.501953 0.373047 0.502441 0.372396 0.502441 0.371094 0.502930 0.370443 0.502930 0.369141 0.502441 0.368490 0.502441 0.365885 0.502930 0.365234 0.503906 0.365234 0.504395 0.364583 0.504883 0.364583 0.505371 0.363932 0.505859 0.363932 0.506348 0.363281 0.506348 0.362630 0.506836 0.361979 0.507324 0.361979 0.507324 0.356771 0.507812 0.356120 0.507812 0.354818 0.507324 0.354167 0.507324 0.347656 0.506836 0.347005 0.507324 0.346354 0.507324 0.345052 0.506836 0.344401 0.506836 0.339844 0.506348 0.339844
0 0.438477 0.338542 0.437988 0.339193 0.437500 0.339193 0.437012 0.339844 0.437012 0.341146 0.437500 0.341797 0.437500 0.343750 0.437988 0.343750 0.438477 0.344401 0.438965 0.343750 0.439453 0.343750 0.440430 0.342448 0.440430 0.340495 0.439941 0.340495 0.439453 0.339844 0.439453 0.339193 0.438965 0.339193
0 0.550781 0.336589 0.550293 0.337240 0.549805 0.337240 0.549805 0.339844 0.550293 0.340495 0.550293 0.341146 0.550781 0.341146 0.551270 0.341797 0.551758 0.341146 0.552246 0.341146 0.552246 0.338542 0.551758 0.337891 0.551758 0.337240 0.551270 0.337240
0 0.190430 0.336589 0.189941 0.337240 0.189453 0.337240 0.189453 0.338542 0.188965 0.339193 0.188477 0.339193 0.188477 0.340495 0.188965 0.340495 0.189453 0.341146 0.189941 0.340495 0.190430 0.340495 0.190430 0.339193 0.190918 0.338542 0.191406 0.338542 0.191406 0.337240 0.190918 0.337240
0 0.326660 0.332682 0.326172 0.333333 0.325684 0.333333 0.325684 0.333984 0.325195 0.334635 0.325195 0.339193 0.325684 0.339193 0.326172 0.339844 0.326660 0.339844 0.327148 0.339193 0.327637 0.339193 0.327637 0.338542 0.328125 0.337891 0.328125 0.336589 0.327637 0.336589 0.327148 0.335938 0.327148 0.335286 0.327637 0.334635 0.327637 0.333333 0.327148 0.333333
0 0.156738 0.330078 0.156250 0.330729 0.155762 0.330729 0.155762 0.332031 0.156250 0.332031 0.156738 0.332682 0.157227 0.332031 0.157715 0.332031 0.157715 0.330729 0.157227 0.330729
0 0.443848 0.329427 0.443359 0.329427 0.442871 0.330078 0.442383 0.330078 0.441406 0.331380 0.441406 0.334635 0.440918 0.335286 0.440918 0.335938 0.440430 0.336589 0.440430 0.338542 0.440918 0.339193 0.441406 0.339193 0.441895 0.339844 0.442383 0.339193 0.442871 0.339193 0.443359 0.338542 0.443848 0.338542 0.444336 0.337891 0.444824 0.337891 0.444824 0.336589 0.445312 0.335938 0.445312 0.334635 0.445801 0.333984 0.445801 0.331380 0.444824 0.330078 0.444336 0.330078
0 0.189453 0.329427 0.188965 0.330078 0.188477 0.330078 0.188477 0.334635 0.188965 0.334635 0.189453 0.335286 0.189941 0.334635 0.190430 0.334635 0.190430 0.330078 0.189941 0.330078
0 0.416992 0.328776 0.416504 0.329427 0.416016 0.329427 0.416016 0.330729 0.415527 0.331380 0.415527 0.334635 0.416016 0.334635 0.416504 0.335286 0.416016 0.335938 0.415527 0.335938 0.415527 0.337240 0.416016 0.337891 0.416016 0.341797 0.416504 0.342448 0.416504 0.343099 0.416992 0.343750 0.416992 0.345052 0.417480 0.345703 0.417969 0.345703 0.418457 0.346354 0.419434 0.346354 0.419922 0.345703 0.420410 0.345703 0.420410 0.342448 0.419434 0.341146 0.419434 0.337891 0.419922 0.337240 0.419922 0.330729 0.418945 0.329427 0.418457 0.329427 0.417969 0.328776
0 0.412109 0.328125 0.411621 0.328776 0.411133 0.328776 0.411133 0.332031 0.410645 0.332682 0.410156 0.332682 0.409180 0.331380 0.409180 0.330078 0.408691 0.330078 0.408203 0.329427 0.405762 0.331380 0.405762 0.333333 0.405273 0.333984 0.405273 0.335286 0.405762 0.335286 0.406250 0.335938 0.406250 0.336589 0.405762 0.337240 0.405273 0.337240 0.405273 0.338542 0.404297 0.339844 0.404297 0.341146 0.404785 0.341797 0.404297 0.342448 0.404297 0.344401 0.403809 0.345052 0.403809 0.348958 0.403320 0.349609 0.403320 0.350911 0.404297 0.352214 0.403809 0.352865 0.403320 0.352865 0.403320 0.362630 0.402832 0.363281 0.402832 0.365885 0.403320 0.365885 0.404297 0.367188 0.404785 0.367188 0.405273 0.367839 0.406738 0.367188 0.406738 0.360677 0.406250 0.360026 0.406250 0.359375 0.406738 0.358724 0.406738 0.356771 0.407227 0.356120 0.407715 0.356120 0.408203 0.356771 0.408203 0.357422 0.408691 0.357422 0.409180 0.358073 0.409668 0.357422 0.410156 0.357422 0.410156 0.356771 0.410645 0.356120 0.410645 0.352865 0.409180 0.351562 0.408691 0.351562 0.408203 0.352214 0.407715 0.351562 0.407715 0.347005 0.408691 0.345703 0.408691 0.345052 0.409180 0.344401 0.409668 0.345052 0.409668 0.345703 0.411133 0.347005 0.413574 0.345052 0.413574 0.343750 0.413086 0.343099 0.413086 0.342448 0.413574 0.341797 0.413574 0.340495 0.413086 0.339844 0.413086 0.339193 0.412598 0.339193 0.411621 0.337891 0.411621 0.335938 0.410645 0.333984 0.411133 0.333333 0.411621 0.333333 0.412109 0.333984 0.413574 0.332682 0.413574 0.330078 0.413086 0.329427 0.413086 0.328776 0.412598 0.328776
0 0.537109 0.327474 0.536621 0.328125 0.536133 0.328125 0.536133 0.329427 0.536621 0.329427 0.537109 0.330078 0.537598 0.329427 0.538086 0.329427 0.538086 0.328125 0.537598 0.328125
0 0.389160 0.326823 0.386230 0.329427 0.385742 0.328776 0.385742 0.327474 0.384766 0.326823 0.384277 0.327474 0.383789 0.326823 0.382812 0.327474 0.382812 0.328776 0.383301 0.329427 0.383301 0.333984 0.382812 0.334635 0.382812 0.339844 0.384277 0.341146 0.384766 0.340495 0.385742 0.340495 0.386719 0.342448 0.386719 0.344401 0.386230 0.345052 0.385742 0.344401 0.384277 0.345052 0.384277 0.345703 0.382324 0.347656 0.382324 0.350911 0.381348 0.353516 0.381348 0.354818 0.381836 0.355469 0.381836 0.362630 0.382324 0.363281 0.381836 0.363932 0.381836 0.365885 0.382324 0.366536 0.381836 0.367188 0.381836 0.368490 0.382812 0.369141 0.382812 0.369792 0.381836 0.370443 0.381836 0.371745 0.381348 0.372396 0.381348 0.375000 0.380859 0.375651 0.380859 0.378906 0.381836 0.379557 0.382812 0.379557 0.383789 0.378906 0.383789 0.377604 0.384766 0.376953 0.384766 0.375651 0.384277 0.374349 0.385254 0.373698 0.385254 0.371094 0.385742 0.370443 0.385742 0.367188 0.386719 0.366536 0.387695 0.364583 0.387695 0.363281 0.387207 0.362630 0.387207 0.358073 0.388672 0.355469 0.389160 0.356120 0.390137 0.355469 0.390137 0.352214 0.389648 0.352214 0.388672 0.350911 0.388672 0.348307 0.389648 0.346354 0.389648 0.343099 0.390137 0.342448 0.390137 0.339844 0.388184 0.337891 0.389648 0.336589 0.389648 0.334635 0.390137 0.333984 0.390137 0.327474
0 0.271484 0.326823 0.270996 0.327474 0.270508 0.327474 0.270508 0.330078 0.270020 0.330729 0.270020 0.335286 0.269531 0.335938 0.269531 0.338542 0.270020 0.338542 0.270996 0.339844 0.270996 0.344401 0.271484 0.344401 0.271973 0.345052 0.272461 0.344401 0.272949 0.344401 0.272949 0.335938 0.273438 0.335286 0.273438 0.328125 0.272949 0.328125 0.272461 0.327474 0.271973 0.327474
0 0.516113 0.326172 0.515625 0.326823 0.515137 0.326172 0.514648 0.326823 0.514160 0.326823 0.514160 0.328125 0.514648 0.328776 0.514648 0.329427 0.515137 0.329427 0.515625 0.330078 0.516113 0.329427 0.516602 0.329427 0.516602 0.328776 0.517090 0.328125 0.517090 0.326823 0.516602 0.326823
0 0.404785 0.324219 0.404297 0.324870 0.403809 0.324870 0.403809 0.328125 0.404297 0.328125 0.404785 0.328776 0.405273 0.328776 0.405762 0.329427 0.406250 0.328776 0.406738 0.328776 0.406738 0.328125 0.407227 0.327474 0.407227 0.326172 0.406738 0.325521 0.406250 0.325521 0.405762 0.324870 0.405273 0.324870
0 0.281738 0.322917 0.281250 0.323568 0.280762 0.323568 0.280762 0.324870 0.281250 0.324870 0.281738 0.325521 0.282227 0.324870 0.282715 0.324870 0.282715 0.323568 0.282227 0.323568
0 0.272461 0.320964 0.271973 0.321615 0.271484 0.321615 0.271484 0.323568 0.271973 0.324219 0.272461 0.324219 0.272949 0.324870 0.273438 0.324219 0.273926 0.324219 0.273926 0.322266 0.273438 0.321615 0.272949 0.321615
0 0.356445 0.316406 0.355469 0.316406 0.354980 0.317057 0.354492 0.317057 0.354492 0.318359 0.352539 0.320964 0.352539 0.321615 0.352051 0.322266 0.352051 0.322917 0.351562 0.323568 0.351562 0.332682 0.352051 0.332682 0.352539 0.333333 0.352539 0.333984 0.352051 0.334635 0.351562 0.334635 0.351562 0.343099 0.352051 0.343750 0.352539 0.343750 0.353027 0.344401 0.353516 0.344401 0.354004 0.343750 0.354492 0.343750 0.354492 0.340495 0.355469 0.339193 0.355469 0.337891 0.355957 0.337240 0.355957 0.335938 0.354980 0.334635 0.355469 0.333984 0.355469 0.327474 0.354980 0.326823 0.355469 0.326172 0.355469 0.324870 0.355957 0.324219 0.356445 0.324870 0.356934 0.324219 0.357422 0.324219 0.357422 0.322917 0.357910 0.322266 0.357910 0.320312 0.358398 0.319661 0.358398 0.318359 0.357910 0.318359 0.357422 0.317708 0.357422 0.317057 0.356934 0.317057
0 0.365723 0.315755 0.365234 0.316406 0.364746 0.316406 0.364746 0.322917 0.364258 0.323568 0.363770 0.322917 0.363770 0.322266 0.363281 0.322266 0.362793 0.321615 0.362305 0.322266 0.361816 0.322266 0.361328 0.322917 0.361328 0.337240 0.361816 0.337240 0.362305 0.337891 0.362793 0.337240 0.363281 0.337240 0.363281 0.331380 0.363770 0.330729 0.364258 0.331380 0.364258 0.335286 0.364746 0.335286 0.365234 0.335938 0.365723 0.335286 0.366211 0.335286 0.367188 0.333984 0.367676 0.333984 0.368164 0.333333 0.368652 0.333984 0.369141 0.333333 0.369629 0.333333 0.369629 0.330078 0.369141 0.329427 0.369141 0.325521 0.369629 0.324870 0.369629 0.322266 0.370117 0.321615 0.370117 0.319661 0.368164 0.317057 0.367676 0.317057 0.367188 0.316406 0.366211 0.316406
0 0.329590 0.314453 0.328613 0.314453 0.328125 0.315104 0.327637 0.315104 0.327637 0.316406 0.328125 0.317057 0.327637 0.317708 0.327637 0.319010 0.328125 0.319010 0.328613 0.319661 0.329102 0.319661 0.329590 0.319010 0.330078 0.319010 0.330078 0.317708 0.330566 0.317057 0.330566 0.315104 0.330078 0.315104
0 0.377441 0.313802 0.375977 0.313802 0.375488 0.314453 0.375000 0.314453 0.374512 0.313802 0.374023 0.313802 0.373535 0.314453 0.373047 0.314453 0.373047 0.315104 0.372070 0.316406 0.372070 0.322266 0.372559 0.322266 0.373047 0.322917 0.372070 0.324219 0.372070 0.324870 0.371582 0.325521 0.371582 0.331380 0.371094 0.332031 0.371094 0.335286 0.371582 0.335938 0.371582 0.337891 0.372070 0.338542 0.372070 0.339844 0.372559 0.340495 0.372070 0.341146 0.371582 0.341146 0.371582 0.342448 0.372070 0.342448 0.372559 0.343099 0.373047 0.342448 0.373535 0.342448 0.373535 0.340495 0.374023 0.339844 0.374512 0.339844 0.374512 0.338542 0.375000 0.337891 0.375488 0.338542 0.375488 0.340495 0.375977 0.341146 0.375977 0.341797 0.376465 0.341797 0.376953 0.342448 0.377441 0.342448 0.377930 0.341797 0.378418 0.341797 0.378418 0.337891 0.377930 0.337891 0.376953 0.336589 0.376953 0.335286 0.376465 0.334635 0.376465 0.332031 0.375488 0.330729 0.375488 0.330078 0.375000 0.329427 0.375000 0.324870 0.374512 0.324219 0.375000 0.323568 0.375488 0.323568 0.375977 0.322917 0.376465 0.322917 0.376465 0.322266 0.376953 0.321615 0.376953 0.320964 0.377441 0.320312 0.377441 0.319661 0.378418 0.318359 0.378906 0.318359 0.379395 0.317708 0.379883 0.317708 0.379883 0.315104 0.379395 0.315104 0.378906 0.314453 0.377930 0.314453
0 0.395020 0.313151 0.394531 0.313802 0.394043 0.313802 0.393066 0.315104 0.393066 0.316406 0.393555 0.317057 0.393066 0.317708 0.393066 0.320964 0.393555 0.321615 0.393555 0.323568 0.394043 0.323568 0.395020 0.324870 0.395020 0.326172 0.395508 0.326172 0.395996 0.326823 0.395996 0.328125 0.395508 0.328776 0.395020 0.328776 0.394531 0.329427 0.394043 0.329427 0.394043 0.330729 0.393555 0.331380 0.393555 0.332682 0.393066 0.333333 0.393066 0.335938 0.393555 0.336589 0.393555 0.338542 0.394043 0.339193 0.394043 0.341146 0.393555 0.341797 0.393066 0.341797 0.393066 0.343099 0.393555 0.343099 0.394043 0.343750 0.394531 0.343099 0.395020 0.343099 0.395020 0.342448 0.395508 0.341797 0.395996 0.342448 0.395996 0.343750 0.396484 0.344401 0.396484 0.345052 0.396973 0.345052 0.397461 0.345703 0.397949 0.345703 0.398438 0.345052 0.398926 0.345052 0.399414 0.344401 0.399414 0.343099 0.398926 0.342448 0.398926 0.341146 0.399414 0.340495 0.399414 0.328125 0.398926 0.327474 0.398926 0.324870 0.397461 0.322917 0.396973 0.322917 0.396484 0.322266 0.396484 0.321615 0.396973 0.320964 0.396973 0.320312 0.397461 0.319661 0.397949 0.319661 0.397949 0.316406 0.397461 0.316406 0.396973 0.315755 0.396484 0.315755 0.395996 0.315104 0.395996 0.313802 0.395508 0.313802
0 0.384277 0.313802 0.384277 0.314453 0.383301 0.315755 0.383301 0.317708 0.382812 0.318359 0.382812 0.319661 0.383301 0.319661 0.383789 0.320312 0.384277 0.319661 0.385254 0.319661 0.385742 0.319010 0.386230 0.319010 0.386230 0.318359 0.386719 0.317708 0.387207 0.317708 0.387695 0.318359 0.387695 0.320964 0.387207 0.321615 0.387207 0.322917 0.387695 0.323568 0.388184 0.323568 0.388672 0.324219 0.389160 0.323568 0.389648 0.324219 0.390137 0.323568 0.390625 0.323568 0.390625 0.322266 0.391113 0.321615 0.391113 0.319010 0.390625 0.318359 0.390137 0.318359 0.389648 0.317708 0.388672 0.317708 0.388184 0.318359 0.387695 0.318359 0.387207 0.317708 0.387207 0.314453 0.386719 0.314453 0.386230 0.313802 0.385742 0.313802 0.385254 0.313151 0.384766 0.313802
0 0.336426 0.303385 0.335449 0.304036 0.334961 0.305339 0.333984 0.304688 0.333008 0.305339 0.332520 0.306641 0.332520 0.309896 0.333984 0.310547 0.334961 0.312500 0.333496 0.313802 0.333496 0.319010 0.333008 0.319661 0.332031 0.319010 0.331055 0.319661 0.331055 0.320964 0.331543 0.320964 0.333008 0.323568 0.332031 0.324870 0.332031 0.326172 0.331543 0.326823 0.331543 0.328125 0.332031 0.328776 0.331055 0.329427 0.331055 0.333333 0.330566 0.333984 0.330566 0.337891 0.331055 0.338542 0.330566 0.339193 0.330566 0.341146 0.331055 0.341797 0.331055 0.344401 0.331543 0.345052 0.330566 0.346354 0.330566 0.348307 0.331055 0.348958 0.330566 0.361328 0.330078 0.361979 0.330078 0.363932 0.330566 0.364583 0.330566 0.367188 0.330078 0.367839 0.330078 0.375000 0.330566 0.375651 0.329590 0.376953 0.329590 0.380208 0.330078 0.380859 0.330078 0.384766 0.331055 0.385417 0.332520 0.384115 0.333496 0.380859 0.333984 0.374349 0.334473 0.373698 0.334473 0.372396 0.333984 0.371745 0.334473 0.371094 0.334473 0.365885 0.335449 0.365234 0.335449 0.362630 0.336426 0.361979 0.336426 0.358073 0.334473 0.356120 0.334473 0.352214 0.336426 0.348958 0.335938 0.346354 0.336914 0.344401 0.336914 0.343099 0.335938 0.341797 0.335938 0.337891 0.335449 0.337240 0.335449 0.335938 0.335938 0.335286 0.336426 0.332031 0.337402 0.331380 0.337402 0.330078 0.336914 0.329427 0.337402 0.328776 0.337402 0.327474 0.336914 0.326823 0.338379 0.325521 0.338379 0.321615 0.337402 0.319661 0.338379 0.319010 0.338379 0.316406 0.337402 0.313802 0.338379 0.311849 0.338379 0.305339
0 0.350098 0.291016 0.349609 0.291016 0.348145 0.292318 0.348145 0.298828 0.347656 0.299479 0.346680 0.299479 0.346191 0.300130 0.345215 0.298177 0.345215 0.295573 0.344727 0.295573 0.344238 0.294922 0.343750 0.295573 0.343262 0.295573 0.343262 0.299479 0.342285 0.301432 0.342285 0.311849 0.342773 0.312500 0.342773 0.313802 0.342285 0.314453 0.342285 0.315755 0.342773 0.316406 0.342773 0.317057 0.341797 0.318359 0.341797 0.319661 0.342285 0.320312 0.342285 0.323568 0.342773 0.324219 0.342285 0.324870 0.342285 0.326172 0.343750 0.327474 0.343262 0.328125 0.343262 0.329427 0.343750 0.329427 0.344238 0.330078 0.344727 0.332031 0.345215 0.332031 0.345703 0.332682 0.346191 0.332031 0.346680 0.332031 0.346680 0.330729 0.346191 0.330078 0.347168 0.328776 0.347656 0.328776 0.347656 0.327474 0.347168 0.327474 0.346680 0.326823 0.345215 0.328125 0.344727 0.327474 0.344727 0.326823 0.346191 0.323568 0.346191 0.322266 0.345703 0.321615 0.345703 0.320964 0.344238 0.319661 0.344727 0.319010 0.344727 0.316406 0.344238 0.315755 0.344727 0.315104 0.344727 0.313151 0.345703 0.311198 0.346680 0.311198 0.348145 0.309896 0.348633 0.310547 0.348633 0.311198 0.349121 0.311198 0.349609 0.311849 0.350098 0.311198 0.350586 0.311198 0.350586 0.309896 0.350098 0.309245 0.350586 0.308594 0.350586 0.307292 0.349609 0.305339 0.350586 0.304036 0.350586 0.303385 0.351074 0.302734 0.351074 0.291667 0.350586 0.291667
0 0.259766 0.216146 0.259277 0.216797 0.258789 0.216797 0.258789 0.218099 0.259277 0.218099 0.259766 0.218750 0.260254 0.218099 0.260742 0.218099 0.260742 0.216797 0.260254 0.216797
0 0.440918 0.208984 0.440430 0.209635 0.439941 0.209635 0.439453 0.210286 0.439453 0.213542 0.439941 0.213542 0.440430 0.214193 0.440918 0.214193 0.441406 0.213542 0.441895 0.213542 0.441895 0.212891 0.442383 0.212240 0.442383 0.210286 0.441895 0.209635 0.441406 0.209635
0 0.416992 0.203776 0.416992 0.205078 0.417480 0.205078 0.417969 0.205729 0.418945 0.205729 0.419434 0.206380 0.419922 0.206380 0.420410 0.205729 0.420898 0.205729 0.420898 0.204427 0.420410 0.204427 0.419922 0.203776 0.418457 0.203776 0.417969 0.203125 0.417480 0.203776
0 0.524902 0.203125 0.524414 0.203125 0.523926 0.202474 0.523438 0.203125 0.522949 0.203125 0.522461 0.203776 0.521973 0.203776 0.520996 0.205078 0.520996 0.207031 0.521484 0.207031 0.521973 0.207682 0.523926 0.207682 0.524414 0.207031 0.524902 0.207031
0 0.554688 0.199870 0.554199 0.200521 0.553711 0.200521 0.553711 0.209635 0.554199 0.209635 0.554688 0.210286 0.555176 0.209635 0.555664 0.209635 0.556152 0.208984 0.556152 0.204427 0.555664 0.203776 0.555664 0.200521 0.555176 0.200521
0 0.430176 0.199219 0.429688 0.199870 0.429199 0.199870 0.429199 0.201823 0.428711 0.202474 0.428223 0.202474 0.428223 0.204427 0.428711 0.205078 0.428711 0.207682 0.429199 0.207682 0.429688 0.208333 0.430176 0.208333 0.430664 0.207682 0.431152 0.207682 0.431641 0.207031 0.432129 0.207031 0.432129 0.201823 0.431152 0.200521 0.431152 0.199870 0.430664 0.199870
0 0.512695 0.197917 0.512207 0.198568 0.511719 0.198568 0.511719 0.201823 0.511230 0.202474 0.511230 0.207031 0.511719 0.207031 0.512695 0.208333 0.512695 0.208984 0.513184 0.208984 0.513672 0.209635 0.514160 0.208984 0.514648 0.208984 0.515137 0.208333 0.515137 0.199870 0.514648 0.199219 0.514648 0.198568 0.514160 0.198568 0.513672 0.197917
0 0.534180 0.184896 0.533691 0.185547 0.533203 0.185547 0.532227 0.186849 0.531738 0.186849 0.531738 0.188151 0.532227 0.188802 0.531738 0.189453 0.531738 0.193359 0.532227 0.194010 0.532227 0.216797 0.532715 0.217448 0.532715 0.218750 0.533203 0.219401 0.533203 0.220052 0.533691 0.220052 0.534180 0.220703 0.534668 0.220052 0.535156 0.220052 0.535645 0.219401 0.536133 0.219401 0.537109 0.218099 0.537598 0.218099 0.537598 0.217448 0.538086 0.216797 0.538086 0.213542 0.538574 0.212891 0.538574 0.203125 0.537598 0.201823 0.537598 0.201172 0.537109 0.201172 0.536133 0.199870 0.536133 0.199219 0.536621 0.198568 0.536621 0.190755 0.537109 0.190104 0.537109 0.188802 0.536621 0.188151 0.536621 0.187500 0.536133 0.186849 0.536133 0.186198 0.535645 0.186198 0.535156 0.185547 0.534668 0.185547
0 0.546387 0.173828 0.545898 0.174479 0.545410 0.174479 0.545410 0.180339 0.544922 0.180990 0.544922 0.183594 0.544434 0.184245 0.544434 0.191406 0.544922 0.192057 0.544922 0.197266 0.545410 0.197266 0.545898 0.197917 0.546387 0.197917 0.549316 0.195312 0.550293 0.195312 0.551758 0.196615 0.552246 0.195964 0.552734 0.195964 0.554199 0.197266 0.554688 0.196615 0.555176 0.196615 0.555176 0.194661 0.555664 0.194010 0.555664 0.184245 0.555176 0.183594 0.555176 0.182943 0.554688 0.182943 0.553223 0.181641 0.553711 0.180990 0.553711 0.177083 0.553223 0.177083 0.552734 0.176432 0.552734 0.175781 0.552246 0.175781 0.551758 0.175130 0.551270 0.175781 0.550781 0.175781 0.550781 0.177734 0.550293 0.178385 0.550293 0.179688 0.550781 0.180339 0.550781 0.182292 0.551270 0.182943 0.551270 0.183594 0.550293 0.184896 0.549805 0.184896 0.549316 0.184245 0.549316 0.183594 0.549805 0.182943 0.549805 0.181641 0.549316 0.180990 0.549316 0.178385 0.548340 0.176432 0.548340 0.175130 0.547852 0.175130
0 0.510742 0.163411 0.510254 0.163411 0.509766 0.162760 0.509277 0.163411 0.508301 0.163411 0.507812 0.164062 0.507324 0.164062 0.507324 0.166667 0.507812 0.166667 0.508301 0.167318 0.508789 0.167318 0.509277 0.166667 0.509766 0.166667 0.509766 0.166016 0.510254 0.165365 0.510742 0.165365
0 0.151855 0.093099 0.151367 0.093750 0.150879 0.093750 0.150879 0.095052 0.151367 0.095052 0.151855 0.095703 0.151855 0.096354 0.151367 0.097005 0.150879 0.097005 0.150879 0.098307 0.151367 0.098307 0.151855 0.098958 0.152344 0.098307 0.152832 0.098307 0.152832 0.097005 0.152344 0.097005 0.151855 0.096354 0.151855 0.095703 0.152344 0.095052 0.152832 0.095052 0.152832 0.093750 0.152344 0.093750
0 0.527832 0.092448 0.527344 0.092448 0.526855 0.091797 0.526367 0.092448 0.525391 0.092448 0.524902 0.091797 0.523926 0.091797 0.523438 0.092448 0.522461 0.092448 0.521973 0.093099 0.521484 0.093099 0.520996 0.093750 0.520996 0.095052 0.520508 0.095703 0.520508 0.096354 0.520020 0.097005 0.520020 0.098307 0.519531 0.098958 0.519531 0.102865 0.520508 0.104167 0.520020 0.104818 0.520020 0.106120 0.519531 0.106771 0.519531 0.108073 0.520020 0.108073 0.520508 0.108724 0.520996 0.108073 0.521484 0.108724 0.522949 0.108724 0.523438 0.108073 0.523926 0.108073 0.523926 0.106120 0.524414 0.105469 0.524414 0.102865 0.526367 0.100260 0.526855 0.100911 0.527344 0.100260 0.527832 0.100260 0.528320 0.099609 0.528320 0.098307 0.527344 0.097005 0.527832 0.096354
0 0.276367 0.079427 0.275879 0.080078 0.275391 0.080078 0.274414 0.081380 0.274414 0.083984 0.274902 0.083984 0.275391 0.084635 0.275879 0.083984 0.276367 0.083984 0.276367 0.083333 0.277344 0.082031 0.277344 0.080078 0.276855 0.080078
0 0.267090 0.078776 0.266113 0.078776 0.265625 0.079427 0.265137 0.079427 0.265137 0.081380 0.264648 0.082031 0.264648 0.086589 0.265137 0.087240 0.265137 0.092448 0.265625 0.093099 0.266113 0.093099 0.266602 0.093750 0.267090 0.093099 0.267578 0.093099 0.267578 0.092448 0.268555 0.091146 0.268555 0.088542 0.269043 0.087891 0.269043 0.086589 0.269531 0.085938 0.269531 0.081380 0.268066 0.079427 0.267578 0.079427
0 0.292480 0.078125 0.291992 0.078776 0.291504 0.078776 0.291504 0.080078 0.291992 0.080078 0.292480 0.080729 0.291992 0.081380 0.291504 0.081380 0.291504 0.082682 0.291992 0.082682 0.292480 0.083333 0.292969 0.083333 0.293457 0.082682 0.293945 0.082682 0.293945 0.081380 0.293457 0.081380 0.292969 0.080729 0.293457 0.080078 0.293945 0.080078 0.293945 0.078776 0.293457 0.078776 0.292969 0.078125
0 0.284180 0.076823 0.283691 0.077474 0.283203 0.077474 0.282715 0.078125 0.282715 0.081380 0.282227 0.082031 0.282227 0.083984 0.282715 0.083984 0.283203 0.084635 0.283203 0.085286 0.282715 0.085938 0.282715 0.087240 0.283203 0.087240 0.283691 0.087891 0.284180 0.087240 0.284668 0.087240 0.284668 0.085938 0.285156 0.085286 0.285156 0.084635 0.285645 0.083984 0.285645 0.079427 0.285156 0.078776 0.285156 0.077474 0.284668 0.077474
0 0.380371 0.068359 0.379883 0.069010 0.379395 0.069010 0.379395 0.070312 0.378906 0.070964 0.378906 0.073568 0.379395 0.073568 0.379883 0.074219 0.379883 0.074870 0.379395 0.075521 0.378906 0.075521 0.378906 0.076823 0.379395 0.076823 0.379883 0.077474 0.380371 0.077474 0.380859 0.078125 0.381348 0.077474 0.381836 0.077474 0.382812 0.076172 0.382812 0.070312 0.382324 0.070312 0.381348 0.069010 0.380859 0.069010
0 0.542969 0.065755 0.542480 0.066406 0.541992 0.066406 0.541992 0.069661 0.542480 0.070312 0.542480 0.072917 0.542969 0.073568 0.542969 0.076823 0.543457 0.076823 0.543945 0.077474 0.544434 0.076823 0.544922 0.076823 0.544922 0.076172 0.545410 0.075521 0.545410 0.067708 0.544922 0.067708 0.543945 0.066406 0.543457 0.066406
0 0.392578 0.060547 0.392090 0.061198 0.391602 0.061198 0.391113 0.061849 0.391113 0.063151 0.391602 0.063802 0.391602 0.065755 0.392090 0.065755 0.392578 0.066406 0.392090 0.067057 0.391602 0.067057 0.391602 0.068359 0.391113 0.069010 0.390137 0.069010 0.389648 0.068359 0.389160 0.069010 0.388672 0.069010 0.388672 0.070312 0.389160 0.070312 0.389648 0.070964 0.390625 0.070964 0.391113 0.071615 0.391602 0.070964 0.392578 0.070964 0.393066 0.070312 0.393555 0.070312 0.394043 0.069661 0.394531 0.069661 0.394531 0.067708 0.394043 0.067708 0.393555 0.067057 0.394043 0.066406 0.394531 0.066406 0.394531 0.061849 0.394043 0.061849 0.393555 0.061198 0.393066 0.061198
0 0.380859 0.060547 0.380371 0.061198 0.379883 0.061198 0.379883 0.062500 0.380371 0.062500 0.380859 0.063151 0.380371 0.063802 0.379883 0.063802 0.379883 0.066406 0.380371 0.066406 0.380859 0.067057 0.381348 0.066406 0.381836 0.066406 0.381836 0.063802 0.381348 0.063802 0.380859 0.063151 0.381348 0.062500 0.381836 0.062500 0.381836 0.061198 0.381348 0.061198
0 0.372559 0.055990 0.372070 0.055990 0.371582 0.056641 0.371094 0.056641 0.371094 0.059896 0.370605 0.060547 0.370117 0.060547 0.370117 0.066406 0.370605 0.067057 0.371094 0.067057 0.372070 0.068359 0.372070 0.069010 0.371582 0.069661 0.371582 0.070312 0.370605 0.071615 0.370117 0.071615 0.370117 0.072266 0.369629 0.072917 0.369141 0.072917 0.369141 0.074219 0.369629 0.074219 0.370117 0.074870 0.370605 0.074870 0.371094 0.075521 0.371582 0.074870 0.372070 0.074870 0.372070 0.073568 0.372559 0.072917 0.373047 0.072917 0.373047 0.072266 0.373535 0.071615 0.374023 0.071615 0.374023 0.070312 0.373535 0.069661 0.374023 0.069010 0.374023 0.067708 0.374512 0.067057 0.375000 0.067057 0.375000 0.065755 0.374023 0.064453 0.374023 0.063802 0.373535 0.063802 0.372070 0.061849 0.372070 0.060547 0.372559 0.059896 0.373047 0.059896 0.373047 0.059245 0.373535 0.058594 0.373535 0.056641 0.373047 0.056641
0 0.346191 0.052083 0.345703 0.052734 0.344727 0.052734 0.344238 0.053385 0.343750 0.053385 0.343262 0.054036 0.343262 0.054688 0.342773 0.055339 0.342773 0.057943 0.343262 0.057943 0.343750 0.058594 0.345215 0.058594 0.345703 0.059245 0.345703 0.061198 0.346191 0.061198 0.346680 0.061849 0.347168 0.061198 0.347656 0.061198 0.347656 0.057943 0.348145 0.057292 0.348145 0.053385 0.347656 0.052734 0.347168 0.052734 0.346680 0.052083
0 0.381836 0.037760 0.381348 0.038411 0.380859 0.038411 0.380859 0.039062 0.380371 0.039714 0.379883 0.039714 0.379883 0.040365 0.379395 0.041016 0.379395 0.042318 0.379883 0.042969 0.379395 0.043620 0.379395 0.055339 0.379883 0.055990 0.379883 0.057292 0.380371 0.057943 0.380371 0.058594 0.380859 0.058594 0.381348 0.059245 0.381836 0.058594 0.382324 0.058594 0.382324 0.055990 0.382812 0.055339 0.382812 0.053385 0.384766 0.050781 0.385254 0.050781 0.385742 0.050130 0.386230 0.050130 0.386230 0.048177 0.385742 0.048177 0.384766 0.046875 0.384277 0.046875 0.383789 0.046224 0.384277 0.045573 0.384766 0.045573 0.384766 0.040365 0.384277 0.040365 0.383789 0.039714 0.383301 0.039714 0.382812 0.039062 0.382812 0.038411 0.382324 0.038411
0 0.379883 0.031250 0.379883 0.036458 0.380371 0.036458 0.380859 0.037109 0.381348 0.036458 0.381836 0.036458 0.381836 0.035156 0.382324 0.034505 0.382812 0.034505 0.383301 0.035156 0.383301 0.035807 0.383789 0.035807 0.384277 0.036458 0.384766 0.036458 0.385254 0.035807 0.385742 0.035807 0.385742 0.034505 0.385254 0.034505 0.384766 0.033854 0.384277 0.033854 0.383789 0.034505 0.383301 0.034505 0.382812 0.033854 0.382812 0.031901 0.382324 0.031901 0.381836 0.031250 0.381348 0.031250 0.380859 0.030599 0.380371 0.031250
0 0.391602 0.026693 0.391113 0.027344 0.390625 0.027344 0.390625 0.029297 0.391113 0.029297 0.391602 0.029948 0.392090 0.029297 0.392578 0.029297 0.392578 0.027344 0.392090 0.027344
0 0.484375 0.025391 0.483887 0.026042 0.483398 0.026042 0.483398 0.027344 0.483887 0.027344 0.484375 0.027995 0.483887 0.028646 0.483887 0.029297 0.483398 0.029948 0.483398 0.032552 0.483887 0.032552 0.484863 0.033854 0.485352 0.033854 0.485840 0.034505 0.486328 0.033854 0.486816 0.033854 0.486816 0.033203 0.487305 0.032552 0.487305 0.031901 0.487793 0.031250 0.487793 0.029297 0.486816 0.027995 0.486816 0.027344 0.486328 0.026693 0.485840 0.026693 0.485352 0.026042 0.484863 0.026042
0 0.413086 0.023438 0.412598 0.024089 0.411621 0.024089 0.411133 0.024740 0.410645 0.024740 0.410645 0.025391 0.409668 0.026693 0.409180 0.026693 0.409180 0.035156 0.409668 0.035156 0.410156 0.035807 0.410156 0.036458 0.409668 0.037109 0.409668 0.038411 0.409180 0.039062 0.409180 0.040365 0.409668 0.041016 0.409668 0.043620 0.409180 0.044271 0.409180 0.048177 0.409668 0.048177 0.410156 0.048828 0.411133 0.048828 0.411621 0.048177 0.412109 0.048177 0.412598 0.047526 0.413086 0.047526 0.414062 0.046224 0.414062 0.042318 0.413574 0.042318 0.413086 0.041667 0.413086 0.039714 0.413574 0.039062 0.413574 0.038411 0.414062 0.037760 0.414062 0.035156 0.414551 0.034505 0.414551 0.025391 0.414062 0.024740 0.414062 0.024089 0.413574 0.024089
0 0.405273 0.022786 0.403809 0.024089 0.401855 0.022786 0.399902 0.024089 0.398926 0.025391 0.398926 0.029948 0.399414 0.030599 0.399414 0.035807 0.398926 0.036458 0.398926 0.041016 0.399414 0.041667 0.399414 0.043620 0.398926 0.044271 0.398926 0.052734 0.398438 0.053385 0.398438 0.054688 0.398926 0.055339 0.398438 0.058594 0.398926 0.059896 0.398438 0.060547 0.398438 0.061849 0.398926 0.062500 0.398926 0.068359 0.399902 0.069010 0.398926 0.069661 0.398926 0.070964 0.399902 0.071615 0.399414 0.072917 0.399414 0.074219 0.400879 0.075521 0.402344 0.074219 0.402344 0.070964 0.401855 0.069661 0.400879 0.069010 0.401855 0.068359 0.401855 0.065755 0.402832 0.065104 0.403320 0.060547 0.403809 0.059896 0.404297 0.060547 0.405762 0.059896 0.406250 0.058594 0.406250 0.056641 0.406738 0.055990 0.406738 0.054688 0.405762 0.053385 0.405762 0.052083 0.404785 0.051432 0.403809 0.052083 0.403320 0.053385 0.402832 0.052734 0.402832 0.049479 0.402344 0.048828 0.402832 0.047526 0.404785 0.048828 0.405762 0.048177 0.405762 0.046875 0.406250 0.046224 0.406250 0.042969 0.405762 0.042969 0.404785 0.041667 0.406738 0.040365 0.406738 0.037760 0.406250 0.037109 0.406250 0.035807 0.405273 0.035156 0.406250 0.034505 0.406250 0.031250 0.406738 0.030599 0.406738 0.024740 0.406250 0.023438
0 0.453125 0.021484 0.452637 0.022135 0.452148 0.022135 0.452148 0.022786 0.451660 0.023438 0.451172 0.023438 0.450684 0.024089 0.450684 0.035156 0.451172 0.035807 0.451172 0.036458 0.451660 0.037109 0.452148 0.037109 0.452637 0.037760 0.453125 0.037109 0.453613 0.037109 0.453613 0.036458 0.454102 0.035807 0.454590 0.035807 0.454590 0.027344 0.454102 0.026693 0.454102 0.022135 0.453613 0.022135
0 0.495117 0.020833 0.494629 0.021484 0.494141 0.021484 0.494141 0.026693 0.493652 0.027344 0.493652 0.029297 0.495117 0.031250 0.495605 0.031250 0.496094 0.031901 0.496582 0.031250 0.497070 0.031250 0.497070 0.030599 0.499023 0.027995 0.499023 0.025391 0.498535 0.025391 0.498047 0.024740 0.497559 0.024740 0.497070 0.024089 0.497070 0.022786 0.496582 0.022786 0.496094 0.022135 0.496094 0.021484 0.495605 0.021484
0 0.474609 0.020182 0.474121 0.020833 0.473633 0.020833 0.473633 0.021484 0.473145 0.022135 0.472656 0.022135 0.471680 0.023438 0.471680 0.033203 0.472168 0.033854 0.472656 0.033854 0.473145 0.034505 0.474121 0.034505 0.475098 0.035807 0.475098 0.036458 0.475586 0.036458 0.476074 0.037109 0.476074 0.037760 0.476562 0.037760 0.477051 0.038411 0.477539 0.037760 0.478027 0.037760 0.479004 0.036458 0.479004 0.034505 0.479492 0.033854 0.479492 0.030599 0.479004 0.029948 0.479004 0.027995 0.479492 0.027344 0.479492 0.026042 0.479980 0.025391 0.479980 0.024089 0.479492 0.023438 0.479004 0.023438 0.478516 0.022786 0.478027 0.022786 0.476562 0.020833 0.476074 0.020833 0.475586 0.020182
0 0.442383 0.020182 0.441895 0.020182 0.441406 0.020833 0.440918 0.020833 0.440430 0.021484 0.440430 0.022135 0.439941 0.022786 0.439941 0.039714 0.440430 0.040365 0.440430 0.044922 0.440918 0.044922 0.441406 0.045573 0.441895 0.044922 0.442383 0.044922 0.442871 0.044271 0.443359 0.044271 0.443359 0.043620 0.443848 0.042969 0.443848 0.039714 0.444336 0.039062 0.444336 0.037109 0.443848 0.037109 0.443359 0.036458 0.443848 0.035807 0.443848 0.035156 0.444336 0.034505 0.444336 0.033203 0.444824 0.032552 0.444824 0.029948 0.444336 0.029297 0.444336 0.026693 0.443848 0.026042 0.443359 0.026042 0.442871 0.025391 0.442871 0.024089 0.443359 0.023438 0.443848 0.023438 0.443848 0.021484 0.443359 0.020833 0.442871 0.020833
0 0.462891 0.016927 0.462402 0.017578 0.461914 0.017578 0.461914 0.018880 0.461426 0.019531 0.461426 0.020182 0.460938 0.020833 0.460938 0.022135 0.461426 0.022786 0.461426 0.033203 0.461914 0.033854 0.461914 0.041667 0.462402 0.042318 0.462402 0.042969 0.461914 0.043620 0.461914 0.046224 0.462402 0.046875 0.462891 0.046875 0.463379 0.047526 0.463867 0.046875 0.464355 0.046875 0.464844 0.046224 0.465332 0.046224 0.465332 0.044271 0.465820 0.043620 0.465820 0.042318 0.465332 0.042318 0.464844 0.041667 0.464844 0.041016 0.465332 0.040365 0.465820 0.040365 0.466309 0.039714 0.467285 0.039714 0.467773 0.039062 0.468262 0.039062 0.468262 0.037760 0.468750 0.037109 0.469238 0.037109 0.469238 0.035807 0.468750 0.035156 0.468750 0.031901 0.468262 0.031250 0.467773 0.031250 0.467285 0.030599 0.467285 0.029297 0.466797 0.028646 0.466797 0.027995 0.466309 0.027995 0.465820 0.027344 0.465820 0.026693 0.466309 0.026042 0.466797 0.026693 0.467285 0.026042 0.467773 0.026042 0.467773 0.025391 0.468262 0.024740 0.468262 0.023438 0.467773 0.022786 0.467773 0.020833 0.467285 0.020833 0.466309 0.019531 0.466309 0.018880 0.465820 0.018880 0.465332 0.018229 0.464844 0.018229 0.464355 0.017578 0.463867 0.017578 0.463379 0.016927
0 0.305664 0.006510 0.305176 0.007161 0.304688 0.007161 0.304688 0.007812 0.304199 0.008464 0.304199 0.011068 0.304688 0.011068 0.305176 0.011719 0.306641 0.011719 0.307129 0.011068 0.307617 0.011068 0.307617 0.007161 0.307129 0.007161 0.306641 0.006510 0.306152 0.007161