0 0.167480 0.462891 0.166992 0.463542 0.166504 0.463542 0.166504 0.464193 0.166016 0.464844 0.165039 0.464844 0.164551 0.464193 0.163574 0.464193 0.163086 0.464844 0.162598 0.464844 0.162598 0.465495 0.162109 0.466146 0.162109 0.468099 0.162598 0.468750 0.162598 0.469401 0.163086 0.470052 0.163086 0.470703 0.163574 0.471354 0.163574 0.472005 0.165039 0.473958 0.165527 0.473958 0.166504 0.475260 0.166992 0.475260 0.167480 0.475911 0.169922 0.475911 0.170410 0.476562 0.170410 0.477214 0.169922 0.477865 0.169922 0.479167 0.169434 0.479818 0.169434 0.481120 0.168945 0.481771 0.168945 0.488932 0.169434 0.489583 0.169434 0.493490 0.169922 0.493490 0.170410 0.494141 0.170898 0.494141 0.171387 0.493490 0.171875 0.493490 0.172363 0.492839 0.172363 0.492188 0.172852 0.491536 0.172852 0.489583 0.173340 0.488932 0.173340 0.471354 0.172852 0.470703 0.172852 0.466797 0.172363 0.466146 0.171875 0.466146 0.170898 0.464844 0.170410 0.464844 0.169434 0.463542 0.168945 0.463542 0.168457 0.462891
0 0.454102 0.363932 0.453125 0.363281 0.451172 0.364583 0.445801 0.371094 0.443359 0.371745 0.440918 0.367839 0.447266 0.365234 0.447754 0.361979 0.437500 0.361979 0.437012 0.361328 0.438477 0.358073 0.438965 0.352865 0.436523 0.350911 0.434082 0.353516 0.433105 0.364583 0.436035 0.366536 0.431152 0.369792 0.431152 0.375000 0.428711 0.380208 0.420898 0.382161 0.416992 0.382161 0.406738 0.376953 0.394531 0.367839 0.388672 0.369141 0.387207 0.372396 0.387695 0.384766 0.389160 0.388672 0.389160 0.399089 0.388184 0.400391 0.387695 0.406901 0.388672 0.413411 0.390625 0.415365 0.398438 0.415365 0.403320 0.417969 0.408203 0.417969 0.410645 0.416667 0.412598 0.418620 0.422363 0.418620 0.424316 0.419922 0.432617 0.419922 0.436035 0.418620 0.436523 0.416667 0.437988 0.417969 0.440918 0.416016 0.448242 0.414714 0.448730 0.417318 0.450684 0.419271 0.454590 0.419271 0.455078 0.380208 0.454102 0.373698
0 0.256348 0.341797 0.255859 0.341797 0.255371 0.341146 0.254883 0.341146 0.254395 0.340495 0.253906 0.340495 0.253418 0.341146 0.252441 0.341146 0.251953 0.341797 0.251465 0.341797 0.250977 0.342448 0.250488 0.342448 0.250000 0.343099 0.249512 0.343099 0.249023 0.343750 0.248535 0.343750 0.247559 0.345052 0.247070 0.345052 0.247070 0.345703 0.246094 0.347005 0.245605 0.347005 0.245117 0.347656 0.244629 0.347656 0.244141 0.348307 0.243652 0.348307 0.242188 0.349609 0.236816 0.349609 0.236328 0.350260 0.235840 0.350260 0.234863 0.351562 0.234863 0.360677 0.235352 0.360677 0.236816 0.361979 0.256836 0.361979 0.257324 0.361328 0.257812 0.361328 0.258301 0.360677 0.258789 0.360677 0.259277 0.360026 0.259277 0.357422 0.257324 0.354818 0.257324 0.348958 0.256836 0.348307 0.256836 0.345703 0.256348 0.345052
0 0.147461 0.340495 0.146973 0.339844 0.146484 0.339844 0.145996 0.339193 0.145508 0.339193 0.145020 0.338542 0.144531 0.339193 0.144043 0.339193 0.143555 0.339844 0.143066 0.339844 0.142578 0.340495 0.142578 0.343099 0.143066 0.343750 0.143555 0.343750 0.144043 0.344401 0.145996 0.344401 0.146484 0.343750 0.146973 0.343750 0.146973 0.343099 0.147461 0.342448
0 0.234863 0.328776 0.234375 0.329427 0.233887 0.329427 0.233398 0.330078 0.233398 0.333984 0.234375 0.335286 0.234375 0.335938 0.234863 0.335938 0.235352 0.336589 0.235840 0.336589 0.236328 0.335938 0.236816 0.335938 0.236816 0.330078 0.236328 0.329427 0.235840 0.329427 0.235352 0.328776
0 0.168945 0.326823 0.166992 0.328125 0.166016 0.329427 0.166016 0.335286 0.167480 0.339193 0.167480 0.340495 0.166504 0.342448 0.166504 0.343750 0.166016 0.344401 0.166016 0.345703 0.165039 0.348307 0.165039 0.352214 0.162598 0.356771 0.162598 0.363932 0.163574 0.366536 0.162598 0.367839 0.162109 0.367839 0.161133 0.369792 0.161133 0.371094 0.160645 0.371745 0.160645 0.376953 0.161133 0.377604 0.161133 0.378906 0.162598 0.382812 0.163086 0.382812 0.164062 0.384766 0.164551 0.384766 0.165527 0.386068 0.167480 0.387370 0.169922 0.390625 0.171875 0.391276 0.172363 0.391927 0.173828 0.391927 0.175293 0.390625 0.175293 0.373047 0.174805 0.372396 0.174805 0.369792 0.176758 0.365234 0.176758 0.360677 0.176270 0.360026 0.176270 0.356771 0.176758 0.356120 0.176758 0.330729 0.176270 0.330729 0.175293 0.328776 0.172363 0.326823
0 0.234863 0.319010 0.234375 0.319661 0.233887 0.319661 0.232910 0.320964 0.232910 0.324219 0.233398 0.324870 0.233887 0.324870 0.234375 0.325521 0.235840 0.325521 0.236328 0.324870 0.236816 0.324870 0.236816 0.324219 0.237305 0.323568 0.237305 0.320312 0.236816 0.319661 0.236328 0.319661 0.235840 0.319010
0 0.238281 0.242188 0.236816 0.242188 0.236328 0.242839 0.235840 0.242839 0.234863 0.244141 0.234863 0.244792 0.234375 0.245443 0.234375 0.252604 0.234863 0.253255 0.235352 0.253255 0.235840 0.253906 0.237305 0.253906 0.237793 0.253255 0.238281 0.253255 0.238281 0.252604 0.238770 0.251953 0.238770 0.251302 0.239258 0.250651 0.239258 0.242839 0.238770 0.242839
0 0.174805 0.223958 0.173340 0.225260 0.173340 0.227865 0.174316 0.230469 0.174316 0.235677 0.173340 0.238932 0.169434 0.242839 0.168945 0.245443 0.167480 0.248047 0.167480 0.251302 0.165527 0.254557 0.165527 0.261719 0.165039 0.262370 0.165039 0.264323 0.166016 0.268229 0.167969 0.271484 0.167969 0.276042 0.168945 0.280599 0.168945 0.284505 0.165527 0.288411 0.165527 0.292318 0.169434 0.300130 0.169922 0.305990 0.172852 0.311198 0.172852 0.315104 0.173828 0.318359 0.174805 0.319661 0.174316 0.320312 0.174316 0.324870 0.175781 0.325521 0.177246 0.324219 0.176758 0.318359 0.177734 0.313802 0.177734 0.293620 0.178223 0.292969 0.178223 0.287109 0.175781 0.285156 0.178223 0.283203 0.178223 0.270833 0.176758 0.266927 0.178711 0.264323 0.179199 0.262370 0.179199 0.256510 0.178711 0.255859 0.178223 0.248698 0.177734 0.248047 0.177734 0.246094 0.178223 0.245443 0.178223 0.225911 0.175781 0.223958
0 0.261719 0.162109 0.261230 0.162760 0.260742 0.162760 0.260254 0.163411 0.260254 0.166016 0.260742 0.166016 0.261230 0.166667 0.261719 0.166667 0.262207 0.166016 0.262695 0.166016 0.262695 0.162760 0.262207 0.162760
0 0.172363 0.140625 0.170410 0.141927 0.168457 0.146484 0.167969 0.149089 0.166992 0.150391 0.166016 0.152995 0.166016 0.156901 0.166504 0.157552 0.166504 0.158854 0.166992 0.159505 0.166992 0.162109 0.168457 0.165365 0.168457 0.167969 0.169434 0.170573 0.168945 0.174479 0.169434 0.175130 0.169922 0.179688 0.171387 0.184245 0.171387 0.188151 0.171875 0.188802 0.172363 0.191406 0.171387 0.192708 0.169922 0.193359 0.169434 0.194661 0.167480 0.195964 0.167480 0.197917 0.166504 0.199219 0.166016 0.199219 0.166016 0.203125 0.167480 0.207682 0.168457 0.208333 0.170898 0.208333 0.171387 0.208984 0.174805 0.208984 0.176758 0.207682 0.177246 0.206380 0.177246 0.204427 0.177734 0.203776 0.177734 0.200521 0.178223 0.199870 0.178223 0.193359 0.177246 0.192708 0.179199 0.190755 0.179199 0.177734 0.179688 0.177083 0.179688 0.174479 0.179199 0.173828 0.179199 0.166667 0.179688 0.166016 0.179688 0.163411 0.180176 0.162760 0.180176 0.156250 0.179199 0.154948 0.179199 0.153646 0.178711 0.152995 0.178711 0.150391 0.178223 0.149740 0.178223 0.148438 0.177734 0.147786 0.177246 0.145182 0.175293 0.143880 0.173828 0.141276
0 0.170898 0.130859 0.170410 0.131510 0.169922 0.131510 0.169434 0.132161 0.169434 0.134766 0.169922 0.135417 0.169922 0.136068 0.170410 0.136719 0.170410 0.137370 0.170898 0.137370 0.171387 0.138021 0.171875 0.138021 0.172363 0.137370 0.172852 0.137370 0.172852 0.132812 0.171875 0.131510 0.171387 0.131510
0 0.262695 0.121094 0.262207 0.121094 0.261719 0.121745 0.261230 0.121745 0.260742 0.122396 0.260742 0.123698 0.261230 0.124349 0.261719 0.124349 0.262207 0.125000 0.262695 0.124349 0.263184 0.124349 0.263672 0.123698 0.263672 0.121745 0.263184 0.121745
0 0.240234 0.117188 0.237305 0.117188 0.236816 0.117839 0.236328 0.117839 0.234863 0.119792 0.234863 0.121745 0.234375 0.122396 0.234375 0.133464 0.234863 0.134115 0.234863 0.136719 0.235352 0.137370 0.235352 0.141276 0.234863 0.141927 0.234863 0.147786 0.235352 0.148438 0.235352 0.149740 0.236328 0.151693 0.236328 0.159505 0.235352 0.160807 0.235352 0.161458 0.234375 0.163411 0.234375 0.168620 0.233887 0.169271 0.233887 0.173828 0.235352 0.175130 0.237305 0.175130 0.237793 0.174479 0.238281 0.174479 0.239746 0.172526 0.239746 0.171875 0.241211 0.169922 0.241699 0.169922 0.241699 0.169271 0.242676 0.167969 0.242676 0.164062 0.241699 0.162760 0.241211 0.162760 0.240723 0.162109 0.240723 0.161458 0.242676 0.158854 0.243652 0.158854 0.245117 0.157552 0.245117 0.155599 0.243652 0.152995 0.243652 0.152344 0.240234 0.148438 0.240234 0.143880 0.239746 0.143229 0.239746 0.139974 0.240234 0.139323 0.240723 0.133464 0.241211 0.132812 0.241211 0.131510 0.241699 0.130859 0.241699 0.129557 0.242188 0.128906 0.242188 0.125000 0.241699 0.124349 0.241699 0.122396 0.242188 0.121745 0.242188 0.118490 0.241699 0.118490
0 0.169434 0.112630 0.168945 0.113281 0.168457 0.113281 0.168457 0.114583 0.167969 0.115234 0.167969 0.119141 0.169434 0.121094 0.169922 0.121094 0.170410 0.121745 0.170898 0.121745 0.171387 0.121094 0.171875 0.121094 0.172363 0.120443 0.172363 0.116536 0.171875 0.115885 0.171875 0.114583 0.171387 0.113932 0.171387 0.113281 0.170898 0.113281 0.170410 0.112630
0 0.268066 0.089193 0.267090 0.087891 0.266602 0.087891 0.266113 0.087240 0.265137 0.087240 0.264648 0.087891 0.263672 0.087891 0.263184 0.088542 0.262695 0.087891 0.262207 0.088542 0.261719 0.088542 0.260742 0.089844 0.260742 0.091146 0.261719 0.092448 0.262207 0.092448 0.262695 0.093099 0.263184 0.093099 0.263672 0.093750 0.264160 0.093099 0.264648 0.093099 0.265137 0.092448 0.265625 0.093099 0.266113 0.093099 0.266602 0.092448 0.267090 0.092448 0.267090 0.091797 0.267578 0.091146 0.268066 0.091146
0 0.259277 0.083333 0.259277 0.085286 0.259766 0.085286 0.260254 0.085938 0.261230 0.085938 0.261719 0.085286 0.262207 0.085286 0.262207 0.083333 0.261719 0.083333 0.261230 0.082682 0.260254 0.082682 0.259766 0.083333
0 0.261719 0.076172 0.261719 0.077474 0.262207 0.077474 0.262695 0.078125 0.262695 0.078776 0.263184 0.078776 0.263672 0.079427 0.266113 0.079427 0.266602 0.078776 0.267090 0.078776 0.268066 0.077474 0.268066 0.075521 0.267578 0.075521 0.267090 0.074870 0.263184 0.074870 0.262695 0.075521 0.262207 0.075521
0 0.261230 0.067057 0.260742 0.067708 0.260254 0.067708 0.260254 0.069661 0.260742 0.070312 0.261230 0.070312 0.261719 0.070964 0.262207 0.070312 0.262695 0.070312 0.263184 0.069661 0.263184 0.068359 0.262695 0.067708 0.262207 0.067708 0.261719 0.067057
0 0.247559 0.060547 0.246094 0.060547 0.244141 0.062500 0.244141 0.066406 0.243652 0.067057 0.242676 0.067057 0.242188 0.066406 0.243164 0.065104 0.243164 0.061198 0.241699 0.059896 0.239258 0.059896 0.238281 0.060547 0.237793 0.061849 0.238281 0.065104 0.241211 0.067057 0.239258 0.072266 0.236328 0.076172 0.235840 0.078125 0.233887 0.080729 0.233887 0.083984 0.236328 0.085938 0.236328 0.087240 0.234863 0.088542 0.234863 0.091797 0.236816 0.095703 0.236816 0.097656 0.237305 0.098307 0.237305 0.099609 0.236816 0.100260 0.236816 0.106771 0.237305 0.107422 0.237305 0.110677 0.237793 0.111328 0.237793 0.113281 0.239746 0.115234 0.240723 0.115234 0.242676 0.113281 0.242676 0.111979 0.243652 0.109375 0.243652 0.100260 0.243164 0.099609 0.243164 0.098307 0.244141 0.096354 0.244141 0.093099 0.243164 0.091797 0.241699 0.091146 0.241211 0.089844 0.242676 0.087891 0.242676 0.086589 0.243652 0.083984 0.243652 0.082031 0.244141 0.081380 0.244141 0.076823 0.244629 0.076172 0.244629 0.073568 0.245605 0.071615 0.245605 0.069010 0.246094 0.068359 0.247070 0.069010 0.249023 0.069010 0.250000 0.068359 0.251953 0.070964 0.252930 0.071615 0.253906 0.070964 0.253906 0.067708 0.251953 0.065755 0.251953 0.064453 0.250000 0.061849 0.248047 0.061198
0 0.259766 0.057943 0.259277 0.058594 0.258789 0.058594 0.257812 0.059896 0.257812 0.061849 0.258301 0.061849 0.258789 0.062500 0.260254 0.062500 0.260742 0.061849 0.261230 0.061849 0.261230 0.059896 0.260742 0.059245 0.260742 0.058594 0.260254 0.058594
0 0.252930 0.053385 0.251953 0.053385 0.251465 0.054036 0.250977 0.054036 0.250977 0.054688 0.250488 0.055339 0.250488 0.056641 0.250977 0.056641 0.251465 0.057292 0.251953 0.057292 0.252441 0.057943 0.252930 0.057292 0.253418 0.057292 0.253906 0.056641 0.253906 0.054036 0.253418 0.054036
0 0.254883 0.042969 0.254395 0.043620 0.253906 0.043620 0.253418 0.044271 0.252930 0.044271 0.252930 0.048177 0.253906 0.049479 0.253906 0.050781 0.254395 0.050781 0.254883 0.051432 0.255371 0.051432 0.255859 0.052083 0.256836 0.052083 0.257324 0.051432 0.257812 0.051432 0.258301 0.050781 0.258301 0.048828 0.258789 0.048177 0.258789 0.046224 0.258301 0.045573 0.258301 0.044922 0.257324 0.043620 0.256836 0.043620 0.256348 0.042969
0 0.263672 0.039062 0.263184 0.039714 0.262695 0.039714 0.262695 0.040365 0.262207 0.041016 0.262207 0.042969 0.262695 0.043620 0.263184 0.043620 0.263672 0.044271 0.264160 0.044271 0.264648 0.043620 0.265137 0.043620 0.265625 0.042969 0.265625 0.041016 0.265137 0.040365 0.265137 0.039714 0.264648 0.039714 0.264160 0.039062
0 0.256348 0.018229 0.255859 0.018880 0.255371 0.018880 0.255371 0.020182 0.255859 0.020182 0.256348 0.020833 0.256836 0.020182 0.257324 0.020182 0.257324 0.018880 0.256836 0.018880
0 0.249512 0.016927 0.249023 0.017578 0.248535 0.017578 0.248535 0.018880 0.249023 0.018880 0.249512 0.019531 0.250000 0.018880 0.250488 0.018880 0.250488 0.017578 0.250000 0.017578
0 0.219727 0.006510 0.218750 0.006510 0.218262 0.007161 0.217773 0.007161 0.217773 0.007812 0.217285 0.008464 0.217285 0.010417 0.217773 0.010417 0.218262 0.011068 0.218750 0.011068 0.219238 0.011719 0.219727 0.011068 0.220215 0.011068 0.220703 0.010417 0.221191 0.010417 0.221191 0.007812 0.220703 0.007161 0.220215 0.007161
0 0.245605 0.000000 0.238281 0.000000 0.238281 0.005208 0.237793 0.005859 0.237793 0.011068 0.237305 0.011719 0.237305 0.014974 0.236816 0.015625 0.236816 0.016927 0.236328 0.017578 0.235840 0.020833 0.234375 0.024740 0.232422 0.027344 0.229492 0.028646 0.229492 0.029948 0.230469 0.030599 0.231445 0.030599 0.231934 0.031901 0.234863 0.035807 0.234863 0.037760 0.235352 0.038411 0.235352 0.041016 0.237305 0.044922 0.236816 0.046875 0.233398 0.051432 0.233398 0.054688 0.235352 0.055990 0.236816 0.055990 0.237305 0.055339 0.238770 0.055339 0.239258 0.054688 0.240723 0.054688 0.241211 0.054036 0.243652 0.054036 0.245117 0.052734 0.245117 0.039062 0.244629 0.038411 0.244629 0.035156 0.244141 0.034505 0.244141 0.033203 0.242188 0.027995 0.244141 0.023438 0.244141 0.022135 0.244629 0.021484 0.244629 0.018880 0.245117 0.018229 0.245117 0.005859 0.245605 0.005208