0 0.158482 0.109788 0.158234 0.110119 0.157986 0.110119 0.157986 0.110780 0.158234 0.110780 0.158482 0.111111 0.158730 0.110780 0.158978 0.110780 0.158978 0.110119 0.158730 0.110119
0 0.155010 0.109127 0.154762 0.109458 0.154514 0.109458 0.154514 0.110119 0.154762 0.110119 0.155010 0.110450 0.155258 0.110119 0.155506 0.110119 0.155506 0.109458 0.155258 0.109458
0 0.148065 0.109458 0.148065 0.110119 0.148313 0.110119 0.148562 0.110450 0.149554 0.110450 0.149802 0.110780 0.150794 0.110780 0.151042 0.110450 0.151290 0.110450 0.151538 0.110119 0.151786 0.110450 0.152778 0.110450 0.153026 0.110780 0.153274 0.110450 0.153522 0.110450 0.153522 0.109788 0.153274 0.109788 0.153026 0.109458 0.152530 0.109458 0.152282 0.109127 0.151786 0.109127 0.151538 0.109458 0.151290 0.109458 0.151042 0.109788 0.150794 0.109458 0.150298 0.109458 0.150050 0.109127 0.149802 0.109458 0.149306 0.109458 0.149058 0.109127 0.148562 0.109127 0.148313 0.109458
0 0.147073 0.109788 0.146825 0.109788 0.146577 0.109458 0.146081 0.109458 0.145833 0.109127 0.145585 0.109127 0.145337 0.108796 0.145089 0.108796 0.144841 0.109127 0.144345 0.109127 0.144097 0.109458 0.143849 0.109458 0.143601 0.109127 0.143353 0.109458 0.143105 0.109127 0.142857 0.109458 0.142113 0.109458 0.141865 0.109127 0.141617 0.109458 0.141369 0.109458 0.141121 0.109788 0.140873 0.109788 0.140873 0.112103 0.140625 0.112434 0.140625 0.113095 0.140873 0.113095 0.141121 0.113426 0.141369 0.113095 0.141617 0.113095 0.141865 0.112765 0.141865 0.110450 0.142113 0.110119 0.142609 0.110119 0.142857 0.110450 0.142857 0.110780 0.143105 0.110780 0.143353 0.111111 0.143601 0.110780 0.143849 0.110780 0.144097 0.111111 0.144593 0.111111 0.144841 0.110780 0.145089 0.110780 0.145337 0.110450 0.145833 0.110450 0.146081 0.110780 0.146577 0.110780 0.146825 0.110450 0.147073 0.110450
0 0.128968 0.108796 0.128968 0.109458 0.129216 0.109458 0.129464 0.109788 0.129712 0.109458 0.130208 0.109458 0.130456 0.109788 0.130704 0.109458 0.131200 0.109458 0.131448 0.109788 0.132688 0.109788 0.132937 0.109458 0.133185 0.109458 0.133185 0.108796 0.132937 0.108796 0.132688 0.108466 0.131448 0.108466 0.131200 0.108796 0.130704 0.108796 0.130456 0.108466 0.130208 0.108796 0.129712 0.108796 0.129464 0.108466 0.129216 0.108796
0 0.122768 0.108466 0.122520 0.108796 0.122272 0.108796 0.122272 0.109458 0.122520 0.109458 0.122768 0.109788 0.123016 0.109458 0.123264 0.109458 0.123264 0.108796 0.123016 0.108796
0 0.123760 0.108796 0.123760 0.109458 0.124008 0.109458 0.124256 0.109788 0.124504 0.109788 0.124752 0.109458 0.125000 0.109788 0.125496 0.109788 0.125744 0.109458 0.125992 0.109458 0.126240 0.109127 0.126488 0.109458 0.126736 0.109458 0.126984 0.109127 0.127232 0.109127 0.127232 0.108466 0.126984 0.108466 0.126736 0.108135 0.126488 0.108135 0.126240 0.108466 0.125992 0.108466 0.125744 0.108135 0.124752 0.108135 0.124504 0.108466 0.124256 0.108466 0.124008 0.108796
0 0.111359 0.108135 0.111111 0.108466 0.110863 0.108466 0.110863 0.109127 0.111111 0.109127 0.111359 0.109458 0.111607 0.109127 0.111855 0.109127 0.111855 0.108466 0.111607 0.108466
0 0.139881 0.108796 0.139633 0.108796 0.139385 0.108466 0.139137 0.108466 0.138889 0.108796 0.138393 0.108135 0.138145 0.108135 0.137897 0.107804 0.137649 0.108135 0.137401 0.108135 0.137153 0.108466 0.136905 0.108466 0.136657 0.108135 0.136409 0.108466 0.134921 0.108466 0.134673 0.108796 0.134425 0.108466 0.134177 0.108796 0.133929 0.108796 0.133929 0.109458 0.134177 0.109458 0.134425 0.109788 0.134673 0.109458 0.134921 0.109788 0.137153 0.109788 0.137401 0.109458 0.137649 0.109788 0.137897 0.109458 0.138145 0.109458 0.138393 0.109127 0.138641 0.109458 0.138889 0.109458 0.139137 0.109788 0.139385 0.109788 0.139633 0.109458 0.139881 0.109458
0 0.102927 0.108135 0.102927 0.108796 0.103175 0.108796 0.103423 0.109127 0.103671 0.109127 0.103919 0.108796 0.104167 0.108796 0.104415 0.109127 0.104663 0.109127 0.104911 0.108796 0.105903 0.108796 0.106151 0.109127 0.107143 0.109127 0.107391 0.108796 0.107639 0.108796 0.107639 0.108135 0.107391 0.108135 0.107143 0.107804 0.106151 0.107804 0.105903 0.107474 0.104415 0.107474 0.104167 0.107804 0.103423 0.107804 0.103175 0.108135
0 0.121032 0.104828 0.120784 0.105159 0.120536 0.105159 0.120536 0.105820 0.120784 0.105820 0.121032 0.106151 0.121280 0.105820 0.121528 0.105820 0.121528 0.105159 0.121280 0.105159
0 0.123016 0.100529 0.122768 0.100529 0.122520 0.100198 0.122272 0.100529 0.122024 0.100529 0.121528 0.101190 0.121280 0.101190 0.121032 0.100860 0.120784 0.101190 0.120536 0.101190 0.120536 0.103505 0.120784 0.103505 0.121032 0.103836 0.121280 0.103505 0.121528 0.103505 0.121776 0.103836 0.122024 0.103505 0.122272 0.103505 0.122272 0.102844 0.122768 0.102183 0.123016 0.102183
0 0.101190 0.100198 0.100942 0.100529 0.100694 0.100529 0.100694 0.101190 0.100942 0.101190 0.101190 0.101521 0.101438 0.101190 0.101687 0.101190 0.101687 0.100529 0.101438 0.100529
0 0.125744 0.098876 0.125496 0.098876 0.125248 0.098545 0.125000 0.098876 0.124752 0.098876 0.124256 0.099537 0.124008 0.099537 0.124008 0.100198 0.124256 0.100198 0.124504 0.100529 0.124752 0.100198 0.125000 0.100198 0.125496 0.099537 0.125744 0.099537
0 0.153522 0.085648 0.153522 0.086640 0.153770 0.086640 0.154018 0.086971 0.154266 0.086640 0.154514 0.086640 0.154762 0.086310 0.155010 0.086640 0.155010 0.087302 0.155258 0.087302 0.155506 0.087632 0.155754 0.087302 0.156002 0.087632 0.157490 0.087632 0.157738 0.087302 0.157986 0.087302 0.157986 0.086640 0.157738 0.086640 0.157490 0.086310 0.156002 0.086310 0.155754 0.086640 0.155506 0.086310 0.155258 0.086640 0.155010 0.086640 0.154762 0.086310 0.154762 0.085648 0.154514 0.085648 0.154266 0.085317 0.154018 0.085317 0.153770 0.085648
0 0.138889 0.084656 0.138889 0.085317 0.139137 0.085317 0.139385 0.085648 0.139881 0.085648 0.140129 0.085979 0.139881 0.086310 0.139633 0.086310 0.139633 0.087302 0.139881 0.087302 0.140129 0.087632 0.140377 0.087302 0.140873 0.087302 0.141121 0.087632 0.141865 0.087632 0.142113 0.087302 0.142609 0.087302 0.142857 0.087632 0.143105 0.087302 0.143601 0.087302 0.143849 0.087632 0.144097 0.087632 0.144345 0.087302 0.144593 0.087302 0.145337 0.087963 0.146081 0.087302 0.146329 0.087302 0.146577 0.087632 0.146825 0.087632 0.147073 0.087302 0.147569 0.087302 0.147817 0.087632 0.148065 0.087302 0.148562 0.087302 0.148810 0.087632 0.149058 0.087302 0.149306 0.087632 0.149554 0.087302 0.150298 0.087302 0.150546 0.087632 0.151042 0.087632 0.151290 0.087302 0.151538 0.087302 0.151538 0.086640 0.151290 0.086640 0.151042 0.086310 0.150546 0.086310 0.150298 0.086640 0.149554 0.086640 0.149306 0.086310 0.149058 0.086640 0.148810 0.086310 0.148562 0.086640 0.148065 0.086640 0.147817 0.086310 0.147569 0.086640 0.147073 0.086640 0.146825 0.086310 0.146577 0.086310 0.146329 0.086640 0.145833 0.086640 0.145585 0.086310 0.145337 0.086640 0.145089 0.086310 0.144841 0.086310 0.144593 0.086640 0.144345 0.086640 0.144097 0.086310 0.143849 0.086310 0.143601 0.086640 0.143105 0.086640 0.142857 0.086310 0.142609 0.086640 0.142113 0.086640 0.141865 0.086310 0.140625 0.086310 0.139881 0.085648 0.140129 0.085317 0.140377 0.085317 0.140377 0.084987 0.140625 0.084656 0.140625 0.083995 0.140377 0.083664 0.140377 0.083333 0.140129 0.083333 0.139881 0.083003 0.139633 0.083333 0.139385 0.083333 0.139385 0.084325 0.139137 0.084656
0 0.154762 0.082341 0.154514 0.082672 0.154266 0.082672 0.154266 0.083333 0.154514 0.083664 0.154762 0.083664 0.155010 0.083995 0.155258 0.083664 0.155506 0.083664 0.155506 0.083003 0.155258 0.082672 0.155010 0.082672
0 0.140129 0.079696 0.139881 0.080026 0.139633 0.080026 0.139633 0.080688 0.139881 0.080688 0.140129 0.081019 0.140377 0.080688 0.140625 0.080688 0.140625 0.080026 0.140377 0.080026
0 0.157738 0.075397 0.157738 0.076058 0.157986 0.076058 0.158482 0.076720 0.158482 0.077050 0.158730 0.077050 0.158978 0.077381 0.159226 0.077050 0.159474 0.077050 0.159474 0.076389 0.159226 0.076389 0.158730 0.075728 0.158730 0.075397 0.158482 0.075397 0.158234 0.075066 0.157986 0.075397
0 0.147569 0.074074 0.147321 0.074405 0.147073 0.074405 0.147073 0.075066 0.147321 0.075066 0.147569 0.075397 0.147817 0.075066 0.148065 0.075066 0.148065 0.074405 0.147817 0.074405
0 0.154762 0.069114 0.154514 0.069114 0.154266 0.068783 0.154018 0.068783 0.153770 0.069114 0.153522 0.069114 0.153026 0.069775 0.152778 0.069775 0.152778 0.070437 0.153026 0.070437 0.153274 0.070767 0.153522 0.070767 0.153770 0.070437 0.154018 0.070437 0.154266 0.070106 0.154514 0.070106 0.154762 0.069775