0 0.113445 0.109711 0.113445 0.110177 0.113620 0.110177 0.113796 0.110411 0.113796 0.110644 0.113971 0.110644 0.114321 0.111111 0.114321 0.111345 0.114496 0.111345 0.114671 0.111578 0.114846 0.111345 0.115021 0.111345 0.115021 0.110878 0.114846 0.110644 0.114846 0.110411 0.114671 0.110411 0.114496 0.110177 0.114321 0.110177 0.114146 0.109944 0.114146 0.109711 0.113971 0.109711 0.113796 0.109477 0.113620 0.109711
0 0.104692 0.079132 0.095413 0.079832 0.094538 0.081232 0.094538 0.093838 0.104167 0.094771 0.104517 0.105976 0.094713 0.107143 0.094363 0.120915 0.104167 0.121849 0.104692 0.125584 0.103817 0.133520 0.095063 0.133754 0.094013 0.139356 0.094188 0.148459 0.103641 0.149393 0.104167 0.157096 0.103641 0.160598 0.095938 0.160598 0.094188 0.162698 0.094363 0.175770 0.103466 0.176471 0.103116 0.188375 0.096289 0.188142 0.094013 0.189776 0.093838 0.201914 0.095238 0.203548 0.103291 0.204015 0.104167 0.209384 0.105217 0.209150 0.103817 0.198413 0.105042 0.189776 0.105042 0.176471 0.106092 0.166667 0.107493 0.163866 0.105392 0.160831 0.104867 0.149393 0.107843 0.143791 0.104517 0.135387 0.105567 0.133754 0.105567 0.122549 0.106443 0.120448 0.113270 0.119748 0.113796 0.121148 0.115371 0.119748 0.114321 0.113212 0.110994 0.108543 0.108018 0.108543 0.106092 0.105976 0.105917 0.095472 0.104517 0.089169 0.103641 0.089169 0.103291 0.092670 0.095938 0.092437 0.095238 0.081466 0.103466 0.081232 0.104517 0.085668 0.104167 0.082166 0.105567 0.080999
0 0.114146 0.064659 0.113971 0.064893 0.113796 0.064893 0.113796 0.065593 0.113620 0.065826 0.113445 0.065826 0.113445 0.066293 0.113620 0.066293 0.113796 0.066527 0.113971 0.066293 0.114146 0.066293 0.114146 0.066060 0.114321 0.065826 0.114496 0.065826 0.114496 0.064893 0.114321 0.064893
0 0.101541 0.063492 0.101541 0.063959 0.101716 0.063959 0.101891 0.064192 0.102066 0.063959 0.102241 0.063959 0.102416 0.064192 0.102591 0.063959 0.102766 0.063959 0.102766 0.063492 0.102591 0.063492 0.102416 0.063259 0.102241 0.063492 0.102066 0.063492 0.101891 0.063259 0.101716 0.063492
0 0.094538 0.063025 0.094538 0.063725 0.095063 0.064192 0.095063 0.065826 0.094713 0.066060 0.094713 0.066760 0.095063 0.066993 0.095238 0.066760 0.096113 0.067227 0.096639 0.066527 0.096814 0.066760 0.097689 0.066760 0.097864 0.066527 0.098389 0.067227 0.098564 0.066993 0.098739 0.067227 0.099440 0.067227 0.099615 0.067460 0.100140 0.067227 0.100315 0.067460 0.101015 0.066993 0.101190 0.067227 0.102591 0.067227 0.103116 0.067694 0.104342 0.067460 0.105042 0.067927 0.105042 0.069795 0.105217 0.070028 0.105042 0.071429 0.105392 0.071662 0.105042 0.072129 0.105042 0.072829 0.105392 0.073529 0.104692 0.073763 0.104867 0.074463 0.104692 0.075397 0.104867 0.075630 0.104867 0.077498 0.105567 0.077965 0.105042 0.078431 0.105042 0.078898 0.105392 0.079132 0.105917 0.078665 0.105917 0.078198 0.105567 0.077731 0.105917 0.077498 0.105917 0.074930 0.106092 0.074230 0.105742 0.073529 0.106092 0.073296 0.105917 0.071895 0.105567 0.071662 0.105917 0.069795 0.106268 0.069561 0.106092 0.067460 0.107318 0.066760 0.107493 0.066293 0.109594 0.066527 0.110119 0.066993 0.110294 0.066760 0.110994 0.066760 0.111520 0.066293 0.112045 0.066527 0.112395 0.066293 0.112395 0.065826 0.112045 0.065593 0.111870 0.065826 0.111345 0.065593 0.108193 0.065593 0.108018 0.065359 0.107843 0.065593 0.107493 0.065359 0.105567 0.065359 0.105392 0.065593 0.104517 0.065126 0.104342 0.065359 0.103992 0.065126 0.103291 0.065593 0.101366 0.065593 0.101190 0.065359 0.099790 0.065359 0.099615 0.065126 0.099090 0.065359 0.098915 0.065126 0.096989 0.065126 0.096814 0.065359 0.096639 0.065126 0.096113 0.065359 0.095938 0.065126 0.096113 0.063025 0.095063 0.062325
0 0.097339 0.061625 0.097164 0.061858 0.096989 0.061858 0.096989 0.062325 0.097164 0.062558 0.097164 0.063259 0.097339 0.063259 0.097514 0.063492 0.097689 0.063492 0.097864 0.063259 0.098039 0.063259 0.098039 0.062792 0.097689 0.062325 0.097689 0.061858 0.097514 0.061858
0 0.098915 0.060924 0.098739 0.061158 0.098564 0.061158 0.098564 0.061625 0.098739 0.061625 0.098915 0.061858 0.099090 0.061625 0.099265 0.061625 0.099265 0.061158 0.099090 0.061158
0 0.114496 0.059057 0.114321 0.059290 0.114146 0.059290 0.114146 0.059757 0.113971 0.059991 0.113971 0.060691 0.114146 0.060924 0.114321 0.060924 0.114496 0.061158 0.114671 0.061158 0.114846 0.060924 0.115021 0.060924 0.115021 0.060224 0.114846 0.059991 0.114846 0.059290 0.114671 0.059290
0 0.095588 0.059057 0.095413 0.059290 0.095238 0.059290 0.095063 0.059524 0.095063 0.060458 0.095238 0.060458 0.095413 0.060691 0.095588 0.060458 0.095763 0.060458 0.095763 0.059991 0.095938 0.059757 0.095938 0.059290 0.095763 0.059290
0 0.111520 0.058357 0.111345 0.058590 0.111169 0.058590 0.110994 0.058824 0.110994 0.059290 0.111169 0.059290 0.111345 0.059524 0.111520 0.059290 0.111695 0.059290 0.111870 0.059057 0.111870 0.058590 0.111695 0.058590
0 0.098214 0.054155 0.098214 0.054622 0.098389 0.054622 0.098564 0.054855 0.099615 0.054855 0.099790 0.054622 0.099965 0.054622 0.099965 0.054155 0.099790 0.054155 0.099615 0.053922 0.098564 0.053922 0.098389 0.054155
0 0.111695 0.053922 0.111695 0.054388 0.111870 0.054388 0.112045 0.054622 0.112220 0.054388 0.112395 0.054622 0.112570 0.054622 0.112745 0.054388 0.112920 0.054388 0.112920 0.053922 0.112745 0.053922 0.112570 0.053688 0.112395 0.053688 0.112220 0.053922 0.112045 0.053688 0.111870 0.053922
0 0.110119 0.053922 0.110119 0.054388 0.110294 0.054388 0.110469 0.054622 0.110644 0.054622 0.110819 0.054388 0.110994 0.054388 0.110994 0.053922 0.110819 0.053922 0.110644 0.053688 0.110469 0.053688 0.110294 0.053922
0 0.094888 0.035481 0.094888 0.037115 0.094538 0.037348 0.094713 0.038749 0.095413 0.039216 0.099265 0.039216 0.101891 0.039683 0.104167 0.039449 0.105042 0.040616 0.105042 0.041317 0.104692 0.041550 0.104692 0.042951 0.105567 0.043184 0.105042 0.043651 0.105042 0.044118 0.105567 0.044585 0.105567 0.048786 0.104692 0.049020 0.104692 0.049720 0.105917 0.049720 0.105742 0.050187 0.105042 0.050420 0.105042 0.051120 0.104167 0.052288 0.098214 0.052054 0.097514 0.052521 0.095238 0.052521 0.095063 0.054388 0.095413 0.054622 0.094888 0.055089 0.095238 0.056489 0.095063 0.058357 0.096464 0.058824 0.096989 0.058590 0.096814 0.057890 0.095938 0.057423 0.095938 0.056256 0.096989 0.055089 0.096989 0.054622 0.096639 0.054388 0.096814 0.053455 0.099265 0.053221 0.100140 0.053455 0.100665 0.054388 0.101891 0.054388 0.102416 0.053455 0.104167 0.053455 0.104692 0.054155 0.104692 0.055556 0.105217 0.056022 0.105567 0.055789 0.105392 0.054622 0.105917 0.054155 0.105742 0.053221 0.106092 0.052988 0.106268 0.050187 0.105917 0.049720 0.106268 0.049486 0.106092 0.045285 0.106268 0.039683 0.106793 0.038982 0.106618 0.037815 0.096639 0.038049 0.095763 0.037582 0.095763 0.035481
0 0.095063 0.031979 0.094888 0.032213 0.094713 0.032213 0.094713 0.032680 0.094888 0.032680 0.095238 0.033147 0.095063 0.033380 0.094888 0.033380 0.094888 0.033847 0.095063 0.033847 0.095238 0.034080 0.095413 0.033847 0.095588 0.033847 0.095588 0.033380 0.095413 0.033380 0.095063 0.032913 0.095238 0.032680 0.095413 0.032680 0.095413 0.032213 0.095238 0.032213
0 0.095238 0.029178 0.095063 0.029412 0.094888 0.029412 0.094888 0.029645 0.094713 0.029879 0.094713 0.030345 0.094888 0.030345 0.095063 0.030579 0.095238 0.030345 0.095413 0.030345 0.095588 0.030112 0.095588 0.029412 0.095413 0.029412
0 0.109594 0.010037 0.109244 0.009804 0.108718 0.010037 0.108193 0.009804 0.107668 0.010271 0.106268 0.010271 0.105567 0.010738 0.105742 0.014472 0.105392 0.014706 0.105392 0.015173 0.105742 0.015406 0.105742 0.015873 0.105392 0.016106 0.105392 0.018441 0.105217 0.019141 0.105742 0.019608 0.105742 0.021709 0.105217 0.022409 0.105217 0.023109 0.104867 0.023343 0.104867 0.024043 0.104692 0.024276 0.104342 0.024043 0.103992 0.024276 0.103466 0.024276 0.103291 0.024043 0.102766 0.024276 0.102066 0.023810 0.100840 0.023810 0.100665 0.024043 0.100315 0.023810 0.099790 0.024276 0.099440 0.024043 0.099090 0.024276 0.098915 0.024043 0.098039 0.024043 0.097864 0.024276 0.097339 0.023810 0.095763 0.024043 0.095063 0.024510 0.094713 0.025210 0.094713 0.025677 0.095063 0.025910 0.095063 0.027778 0.095413 0.028011 0.095763 0.027778 0.095763 0.025444 0.095938 0.025210 0.097864 0.025210 0.098389 0.024977 0.098915 0.025444 0.099265 0.025210 0.099790 0.025677 0.100665 0.024977 0.101366 0.025677 0.102066 0.024977 0.103116 0.025444 0.103291 0.025210 0.103466 0.025444 0.103641 0.025210 0.103817 0.025444 0.103992 0.025210 0.104517 0.025444 0.105042 0.024743 0.105217 0.025444 0.105742 0.025910 0.105742 0.026377 0.106092 0.026611 0.106443 0.026377 0.106268 0.025677 0.106793 0.024977 0.106793 0.023343 0.106443 0.023109 0.106443 0.022409 0.106618 0.022176 0.106443 0.021475 0.106793 0.021242 0.106793 0.020775 0.106443 0.020542 0.106793 0.020308 0.106793 0.019608 0.106443 0.019374 0.106443 0.017974 0.106618 0.017740 0.106618 0.014472 0.106443 0.014239 0.106618 0.012838 0.106443 0.012372 0.106968 0.011671 0.109419 0.010971