0 0.160218 0.272817 0.159970 0.273148 0.159722 0.273148 0.159722 0.273810 0.159970 0.274140 0.160218 0.274140 0.160466 0.274471 0.160218 0.274802 0.160218 0.275463 0.160466 0.275794 0.160466 0.276124 0.160714 0.276455 0.160714 0.277116 0.160962 0.277116 0.161210 0.277447 0.161458 0.277116 0.161706 0.277116 0.161706 0.275794 0.161458 0.275463 0.161458 0.274802 0.161210 0.274802 0.160962 0.274471 0.160962 0.273479 0.160714 0.273148 0.160466 0.273148
0 0.265873 0.266534 0.265873 0.267196 0.266121 0.267196 0.266369 0.267526 0.266617 0.267526 0.266865 0.267196 0.267113 0.267526 0.267609 0.267526 0.267857 0.267196 0.268353 0.267196 0.268601 0.266865 0.268849 0.267196 0.269345 0.267196 0.269593 0.266865 0.269841 0.267196 0.270089 0.267196 0.270337 0.267526 0.270585 0.267196 0.270833 0.267196 0.271081 0.266865 0.271329 0.267196 0.272073 0.267196 0.272321 0.266865 0.272569 0.266865 0.272817 0.266534 0.273065 0.266865 0.273562 0.266865 0.273810 0.267196 0.274058 0.266865 0.274306 0.267196 0.274554 0.266865 0.275050 0.266865 0.275298 0.267196 0.275546 0.266865 0.275794 0.266865 0.275794 0.266204 0.275546 0.266204 0.275298 0.265873 0.275050 0.266204 0.274554 0.266204 0.274306 0.265873 0.274058 0.266204 0.273810 0.265873 0.273313 0.265873 0.273065 0.265542 0.272817 0.265873 0.272569 0.265873 0.272321 0.266204 0.272073 0.265873 0.271329 0.265873 0.271081 0.266204 0.270833 0.265873 0.269841 0.265873 0.269593 0.266204 0.269345 0.265873 0.268353 0.265873 0.268105 0.265542 0.267857 0.265873 0.267609 0.265542 0.267361 0.265873 0.267113 0.265873 0.266865 0.265542 0.266617 0.265873 0.266369 0.265873 0.266369 0.266204 0.266121 0.266534
0 0.157738 0.265212 0.157738 0.265873 0.157986 0.265873 0.158234 0.266204 0.158234 0.266865 0.158482 0.267196 0.158730 0.267196 0.158978 0.267526 0.159226 0.267196 0.159474 0.267196 0.159474 0.266534 0.159226 0.266204 0.159226 0.265873 0.158978 0.265873 0.158730 0.265542 0.158730 0.265212 0.158482 0.265212 0.158234 0.264881 0.157986 0.265212
0 0.156002 0.264550 0.155754 0.264881 0.155506 0.264881 0.155506 0.265542 0.155258 0.265873 0.155258 0.266534 0.155506 0.266865 0.155506 0.267526 0.155754 0.267857 0.156002 0.267857 0.156250 0.268188 0.156498 0.267857 0.156746 0.267857 0.156746 0.266865 0.156250 0.266204 0.156250 0.265873 0.156498 0.265542 0.156498 0.264881 0.156250 0.264881
0 0.161706 0.235119 0.161458 0.235450 0.161210 0.235450 0.161210 0.236442 0.161458 0.236442 0.161706 0.236772 0.161954 0.236442 0.162202 0.236442 0.162202 0.235450 0.161954 0.235450
0 0.159722 0.233796 0.159474 0.234127 0.159226 0.234127 0.159226 0.234788 0.159474 0.234788 0.159722 0.235119 0.159970 0.234788 0.160218 0.234788 0.160218 0.234127 0.159970 0.234127
0 0.162202 0.200066 0.161954 0.200397 0.161706 0.200397 0.161706 0.201058 0.161954 0.201058 0.162202 0.201389 0.162450 0.201058 0.162698 0.201058 0.162698 0.200397 0.162450 0.200397
0 0.156250 0.200066 0.156250 0.200728 0.156498 0.200728 0.156746 0.201058 0.156994 0.200728 0.157242 0.200728 0.157490 0.201058 0.157738 0.200728 0.158234 0.200728 0.158482 0.200397 0.158730 0.200397 0.158730 0.199735 0.158482 0.199735 0.158234 0.199405 0.157986 0.199735 0.157242 0.199735 0.156994 0.199405 0.156746 0.199735 0.156498 0.199735
0 0.157242 0.197751 0.157242 0.198413 0.157490 0.198413 0.157738 0.198743 0.157986 0.198743 0.158234 0.198413 0.158482 0.198743 0.158730 0.198413 0.158978 0.198413 0.158978 0.197751 0.158730 0.197751 0.158482 0.197421 0.158234 0.197751 0.157986 0.197421 0.157738 0.197421 0.157490 0.197751
0 0.150050 0.196429 0.150050 0.197090 0.150298 0.197090 0.150546 0.197421 0.150794 0.197090 0.151042 0.197090 0.151290 0.197421 0.151538 0.197421 0.151786 0.197751 0.152034 0.197421 0.152282 0.197421 0.152282 0.196759 0.152034 0.196759 0.151786 0.196429 0.151538 0.196759 0.151290 0.196759 0.151042 0.196429 0.150794 0.196429 0.150546 0.196098 0.150298 0.196429
0 0.286210 0.193783 0.285962 0.194114 0.285714 0.194114 0.285714 0.194775 0.285962 0.194775 0.286210 0.195106 0.286458 0.194775 0.286706 0.194775 0.286706 0.194114 0.286458 0.194114
0 0.290427 0.192791 0.290179 0.193122 0.289931 0.193122 0.289931 0.193783 0.290179 0.193783 0.290427 0.194114 0.290675 0.193783 0.290923 0.193783 0.290923 0.193122 0.290675 0.193122
0 0.277034 0.190146 0.276786 0.190476 0.276538 0.190476 0.276538 0.191138 0.276786 0.191138 0.277034 0.191468 0.277282 0.191138 0.277530 0.191138 0.277530 0.190476 0.277282 0.190476
0 0.288690 0.189815 0.288442 0.190146 0.288194 0.190146 0.288194 0.190807 0.288442 0.190807 0.288690 0.191138 0.288938 0.190807 0.289187 0.190807 0.289187 0.190146 0.288938 0.190146
0 0.265625 0.189815 0.265625 0.190476 0.265873 0.190476 0.266121 0.190807 0.266617 0.190807 0.266865 0.191138 0.267113 0.190807 0.267361 0.190807 0.267361 0.190146 0.267113 0.189815 0.266865 0.189815 0.266617 0.189484 0.266121 0.189484 0.265873 0.189815
0 0.264633 0.189484 0.264385 0.189815 0.264137 0.189815 0.264137 0.190476 0.264385 0.190476 0.264633 0.190807 0.264881 0.190476 0.265129 0.190476 0.265129 0.189815 0.264881 0.189815
0 0.155258 0.189484 0.155010 0.189815 0.154762 0.189815 0.154762 0.190476 0.155010 0.190476 0.155258 0.190807 0.155506 0.190476 0.155754 0.190476 0.155754 0.189815 0.155506 0.189815
0 0.263641 0.193452 0.263641 0.194775 0.266617 0.195767 0.266121 0.197090 0.263641 0.198413 0.263641 0.199074 0.266369 0.200397 0.264137 0.201389 0.264633 0.202381 0.266617 0.202050 0.268353 0.203042 0.270585 0.202050 0.271081 0.203042 0.270337 0.204365 0.271825 0.204365 0.272817 0.202050 0.271081 0.201720 0.270337 0.200397 0.268353 0.201058 0.267857 0.199735 0.269841 0.198082 0.270833 0.198082 0.270337 0.197090 0.268353 0.197751 0.267857 0.197090 0.268353 0.195767 0.270833 0.195106 0.272569 0.196098 0.271825 0.198082 0.273810 0.198743 0.274554 0.199735 0.277282 0.199735 0.276538 0.201720 0.275298 0.201058 0.273313 0.202050 0.273810 0.203042 0.274802 0.202381 0.276042 0.203373 0.276786 0.202712 0.277530 0.203373 0.279018 0.201389 0.278274 0.200066 0.278770 0.199074 0.281498 0.198413 0.283482 0.201058 0.281002 0.201058 0.280506 0.202050 0.283482 0.202381 0.281994 0.204034 0.280258 0.203704 0.279762 0.204696 0.281498 0.205026 0.282242 0.204034 0.283730 0.203704 0.284474 0.204696 0.285714 0.204034 0.285962 0.203042 0.286706 0.204365 0.287698 0.204365 0.287450 0.202712 0.288194 0.202050 0.288194 0.200728 0.284226 0.199405 0.284474 0.198413 0.287202 0.198413 0.287698 0.197421 0.285218 0.197090 0.284226 0.197751 0.284970 0.194775 0.283482 0.193122 0.281994 0.193452 0.281746 0.192460 0.280754 0.192130 0.281250 0.190807 0.281994 0.190807 0.281498 0.189815 0.279762 0.190807 0.278026 0.190807 0.278274 0.191799 0.279514 0.192130 0.279266 0.193452 0.276042 0.192791 0.274554 0.193452 0.274306 0.192460 0.275298 0.191799 0.275050 0.190146 0.272321 0.189815 0.271329 0.188823 0.270585 0.190476 0.269841 0.190146 0.268353 0.191138 0.268353 0.191799 0.269841 0.191468 0.270585 0.192130 0.271329 0.191468 0.272321 0.192460 0.272073 0.193122 0.270337 0.194114 0.266617 0.193122 0.265873 0.193783