0 0.136905 0.292659 0.136574 0.292907 0.136243 0.292907 0.136243 0.293403 0.136574 0.293403 0.136905 0.293651 0.137235 0.293403 0.137566 0.293403 0.137566 0.292907 0.137235 0.292907
0 0.003307 0.287698 0.002976 0.287946 0.002646 0.287946 0.002646 0.288442 0.002976 0.288442 0.003307 0.288690 0.002646 0.289187 0.002315 0.289187 0.002315 0.289435 0.001984 0.289683 0.001984 0.290179 0.001653 0.290427 0.001653 0.291667 0.001323 0.291915 0.000992 0.291915 0.000992 0.292659 0.000661 0.292907 0.000661 0.293403 0.000992 0.293651 0.001323 0.293651 0.001653 0.293899 0.001323 0.294147 0.000992 0.294147 0.000661 0.294395 0.000331 0.294395 0.000331 0.295139 0.000000 0.295387 0.000000 0.296131 0.000331 0.296379 0.000661 0.296379 0.000992 0.296627 0.001323 0.296379 0.001653 0.296379 0.001653 0.295387 0.001984 0.295139 0.001984 0.294395 0.001653 0.294395 0.001323 0.294147 0.001984 0.293651 0.002315 0.293651 0.002315 0.292659 0.002646 0.292411 0.002646 0.291915 0.002976 0.291667 0.002976 0.290427 0.003307 0.290179 0.003638 0.290179 0.003638 0.289187 0.003307 0.289187 0.002976 0.288938 0.003638 0.288442 0.003968 0.288442 0.003968 0.287946 0.003638 0.287946
0 0.003307 0.285714 0.002976 0.285962 0.002646 0.285962 0.002646 0.286458 0.002976 0.286706 0.002976 0.286954 0.003307 0.286954 0.003638 0.287202 0.003968 0.286954 0.004299 0.286954 0.004299 0.286458 0.003968 0.286210 0.003968 0.285962 0.003638 0.285962
0 0.066468 0.284970 0.066138 0.285218 0.065807 0.285218 0.065807 0.287202 0.066138 0.287202 0.066468 0.287450 0.066799 0.287202 0.067130 0.287202 0.067130 0.285218 0.066799 0.285218
0 0.003968 0.284226 0.003638 0.284474 0.003307 0.284474 0.003307 0.285218 0.003638 0.285218 0.003968 0.285466 0.004299 0.285218 0.004630 0.285218 0.004630 0.284474 0.004299 0.284474
0 0.153770 0.282490 0.153439 0.282242 0.153108 0.282242 0.152778 0.281994 0.152447 0.282242 0.152116 0.282242 0.152116 0.282490 0.151455 0.282986 0.151124 0.282986 0.151124 0.283234 0.150794 0.283482 0.150794 0.283978 0.151124 0.283978 0.151455 0.284226 0.151786 0.283978 0.152447 0.283978 0.152778 0.283730 0.153439 0.283730 0.153770 0.283482 0.154101 0.283482 0.154101 0.282986 0.153770 0.282738
0 0.004299 0.280506 0.003968 0.280754 0.003638 0.280754 0.003638 0.283482 0.003968 0.283482 0.004299 0.283730 0.004630 0.283482 0.004960 0.283482 0.004960 0.280754 0.004630 0.280754
0 0.004630 0.278522 0.004299 0.278770 0.003968 0.278770 0.003968 0.279266 0.004299 0.279266 0.004630 0.279514 0.004960 0.279266 0.005291 0.279266 0.005291 0.278770 0.004960 0.278770
0 0.066468 0.274306 0.066138 0.274554 0.065807 0.274554 0.065807 0.275050 0.066138 0.275050 0.066468 0.275298 0.066138 0.275546 0.065807 0.275546 0.065807 0.278026 0.066138 0.278026 0.066468 0.278274 0.066799 0.278026 0.067130 0.278026 0.067130 0.275546 0.066799 0.275546 0.066468 0.275298 0.066799 0.275050 0.067130 0.275050 0.067130 0.274554 0.066799 0.274554
0 0.066468 0.270337 0.066138 0.270585 0.065807 0.270585 0.065807 0.271081 0.065476 0.271329 0.065476 0.272073 0.065807 0.272073 0.066138 0.272321 0.066468 0.272073 0.066799 0.272073 0.066799 0.271577 0.067130 0.271329 0.067130 0.270585 0.066799 0.270585
0 0.144511 0.269841 0.144180 0.270089 0.143849 0.270089 0.143849 0.270833 0.144180 0.270833 0.144511 0.271081 0.144841 0.270833 0.145172 0.270833 0.145172 0.270089 0.144841 0.270089
0 0.274140 0.268849 0.273810 0.269097 0.273479 0.269097 0.273479 0.269593 0.273810 0.269593 0.274140 0.269841 0.274471 0.269593 0.274802 0.269593 0.274802 0.269097 0.274471 0.269097
0 0.143849 0.268601 0.143519 0.268849 0.143188 0.268849 0.143188 0.269345 0.143519 0.269345 0.143849 0.269593 0.144180 0.269345 0.144511 0.269345 0.144511 0.268849 0.144180 0.268849
0 0.006283 0.266865 0.005952 0.267113 0.005622 0.267113 0.005622 0.267609 0.005291 0.267857 0.005291 0.268601 0.005622 0.268601 0.005952 0.268849 0.006283 0.268601 0.006614 0.268601 0.006614 0.267857 0.006944 0.267609 0.006944 0.267113 0.006614 0.267113
0 0.069775 0.263393 0.069444 0.263393 0.069114 0.263145 0.068783 0.263145 0.068452 0.263393 0.068122 0.263393 0.068122 0.264137 0.067791 0.264385 0.067460 0.264385 0.067460 0.264881 0.067130 0.265129 0.067130 0.265377 0.066799 0.265625 0.066799 0.266369 0.066468 0.266617 0.066138 0.266617 0.066138 0.267361 0.065807 0.267609 0.065476 0.267361 0.065146 0.267609 0.064815 0.267609 0.064815 0.268105 0.065146 0.268105 0.065476 0.268353 0.065807 0.268105 0.066138 0.268105 0.066138 0.267609 0.066468 0.267361 0.066799 0.267609 0.067130 0.267361 0.067460 0.267361 0.067460 0.267113 0.067791 0.266865 0.068122 0.266865 0.068122 0.265873 0.068452 0.265625 0.068452 0.265129 0.068783 0.264881 0.068783 0.264385 0.069444 0.263889 0.069775 0.263889
0 0.007275 0.260169 0.006944 0.260417 0.006614 0.260417 0.006614 0.262153 0.006944 0.262153 0.007275 0.262401 0.007606 0.262153 0.007937 0.262153 0.007937 0.260417 0.007606 0.260417
0 0.159061 0.258681 0.158730 0.258929 0.158399 0.258929 0.158399 0.259425 0.158730 0.259425 0.159061 0.259673 0.159392 0.259425 0.159722 0.259425 0.159722 0.258929 0.159392 0.258929
0 0.081680 0.255208 0.081349 0.255456 0.081019 0.255456 0.081019 0.255952 0.081349 0.255952 0.081680 0.256200 0.082011 0.255952 0.082341 0.255952 0.082341 0.255456 0.082011 0.255456
0 0.190476 0.253472 0.190146 0.253720 0.189815 0.253720 0.189815 0.254712 0.190146 0.254960 0.190476 0.254960 0.190807 0.255208 0.191138 0.254960 0.191468 0.254960 0.191468 0.254464 0.191138 0.254216 0.191138 0.253720 0.190807 0.253720
0 0.158730 0.253224 0.158399 0.253472 0.158069 0.253472 0.158069 0.253720 0.157738 0.253968 0.157738 0.254464 0.158069 0.254464 0.158399 0.254712 0.158730 0.254464 0.159061 0.254464 0.159061 0.254216 0.159392 0.253968 0.159392 0.253472 0.159061 0.253472
0 0.189815 0.252232 0.189484 0.252480 0.189153 0.252480 0.189153 0.252976 0.189484 0.252976 0.189815 0.253224 0.190146 0.252976 0.190476 0.252976 0.190476 0.252480 0.190146 0.252480
0 0.001984 0.251736 0.001984 0.252232 0.002315 0.252232 0.002646 0.252480 0.002976 0.252480 0.003307 0.252232 0.003638 0.252232 0.003638 0.251736 0.003307 0.251736 0.002976 0.251488 0.002646 0.251488 0.002315 0.251736
0 0.083664 0.247520 0.083333 0.247768 0.083003 0.247768 0.083003 0.248264 0.083333 0.248264 0.083664 0.248512 0.083995 0.248264 0.084325 0.248264 0.084325 0.247768 0.083995 0.247768
0 0.003307 0.247024 0.002976 0.247024 0.002646 0.246776 0.002315 0.246776 0.001984 0.247024 0.001653 0.247024 0.001653 0.247272 0.000992 0.247768 0.000661 0.247768 0.000331 0.248016 0.000331 0.248512 0.000661 0.248512 0.000992 0.248760 0.001323 0.248760 0.001653 0.248512 0.001984 0.248512 0.001984 0.248016 0.002315 0.247768 0.002646 0.247768 0.002976 0.247520 0.003307 0.247520
0 0.004299 0.245784 0.003968 0.246032 0.003638 0.246032 0.003638 0.246528 0.003968 0.246528 0.004299 0.246776 0.004630 0.246528 0.004960 0.246528 0.004960 0.246032 0.004630 0.246032
0 0.188492 0.242063 0.188161 0.242063 0.187831 0.241815 0.187500 0.242063 0.187169 0.242063 0.187169 0.242312 0.186839 0.242560 0.186508 0.242560 0.186508 0.243056 0.186839 0.243056 0.187169 0.243304 0.187831 0.243304 0.188161 0.243056 0.188492 0.243056
0 0.018188 0.239831 0.017857 0.240079 0.017526 0.240079 0.017526 0.240575 0.017857 0.240575 0.018188 0.240823 0.018519 0.240575 0.018849 0.240575 0.018849 0.240079 0.018519 0.240079
0 0.029762 0.233383 0.029431 0.233631 0.029101 0.233631 0.029101 0.234127 0.029431 0.234127 0.029762 0.234375 0.030093 0.234127 0.030423 0.234127 0.030423 0.233631 0.030093 0.233631
0 0.029762 0.230655 0.029762 0.231399 0.030093 0.231399 0.030423 0.231647 0.030754 0.231399 0.031085 0.231647 0.031415 0.231399 0.031746 0.231399 0.031746 0.230903 0.031415 0.230903 0.031085 0.230655 0.030754 0.230655 0.030423 0.230407 0.030093 0.230655
0 0.084987 0.225694 0.084656 0.225942 0.084325 0.225942 0.084325 0.226438 0.084656 0.226438 0.084987 0.226687 0.085317 0.226438 0.085648 0.226438 0.085648 0.225942 0.085317 0.225942
0 0.092923 0.224206 0.092593 0.224454 0.092262 0.224454 0.092262 0.224950 0.092593 0.224950 0.092923 0.225198 0.093254 0.224950 0.093585 0.224950 0.093585 0.224454 0.093254 0.224454
0 0.135582 0.217758 0.135251 0.218006 0.134921 0.218006 0.134921 0.218502 0.135251 0.218502 0.135582 0.218750 0.135913 0.218502 0.136243 0.218502 0.136243 0.218006 0.135913 0.218006
0 0.200397 0.216270 0.200066 0.216518 0.199735 0.216518 0.199735 0.217262 0.200066 0.217262 0.200397 0.217510 0.200728 0.217262 0.201058 0.217262 0.201058 0.216518 0.200728 0.216518
0 0.146164 0.213790 0.145833 0.214038 0.145503 0.214038 0.145503 0.214534 0.145833 0.214782 0.145833 0.215278 0.146164 0.215278 0.146495 0.215526 0.146825 0.215278 0.147156 0.215278 0.147156 0.214782 0.146825 0.214534 0.146825 0.214038 0.146495 0.214038
0 0.168320 0.211310 0.167989 0.211558 0.167659 0.211558 0.167659 0.212054 0.167989 0.212054 0.168320 0.212302 0.168651 0.212054 0.168981 0.212054 0.168981 0.211558 0.168651 0.211558
0 0.262566 0.207341 0.262235 0.207589 0.261905 0.207589 0.261905 0.208085 0.262235 0.208085 0.262566 0.208333 0.262897 0.208085 0.263228 0.208085 0.263228 0.207589 0.262897 0.207589
0 0.023810 0.207341 0.023479 0.207589 0.023148 0.207589 0.023148 0.208581 0.023479 0.208829 0.023810 0.208829 0.024140 0.209077 0.024471 0.208829 0.024802 0.208829 0.024802 0.208333 0.024471 0.208085 0.024471 0.207589 0.024140 0.207589
0 0.180225 0.206597 0.180225 0.207093 0.180556 0.207093 0.180886 0.207341 0.181217 0.207341 0.181548 0.207093 0.181878 0.207093 0.181878 0.206597 0.181548 0.206597 0.181217 0.206349 0.180886 0.206349 0.180556 0.206597
0 0.093915 0.198413 0.093585 0.198661 0.093254 0.198661 0.093254 0.199157 0.093585 0.199157 0.093915 0.199405 0.094246 0.199157 0.094577 0.199157 0.094577 0.198661 0.094246 0.198661
0 0.195767 0.186508 0.195437 0.186508 0.195106 0.186756 0.194775 0.186756 0.194775 0.189236 0.195106 0.189236 0.195437 0.189484 0.195767 0.189236 0.196098 0.189236 0.196098 0.188988 0.196429 0.188740 0.196429 0.187748 0.196098 0.187500 0.196429 0.187252 0.196429 0.186756 0.196098 0.186756
0 0.198743 0.184524 0.198413 0.184524 0.198082 0.184276 0.197751 0.184524 0.197421 0.184524 0.197421 0.184772 0.196759 0.185268 0.196429 0.185268 0.196429 0.185764 0.196759 0.185764 0.197090 0.186012 0.197421 0.185764 0.197751 0.185764 0.197751 0.185516 0.198413 0.185020 0.198743 0.185020
0 0.235119 0.181796 0.234788 0.182044 0.234458 0.182044 0.234458 0.184028 0.234788 0.184276 0.234788 0.184772 0.235119 0.185020 0.235119 0.185268 0.235450 0.185268 0.235780 0.185516 0.236111 0.185268 0.236442 0.185268 0.236442 0.183780 0.236111 0.183532 0.236111 0.182788 0.235780 0.182540 0.235780 0.182044 0.235450 0.182044
0 0.048280 0.178075 0.047950 0.178323 0.047619 0.178323 0.047288 0.178571 0.047288 0.179067 0.047619 0.179067 0.047950 0.179315 0.048280 0.179067 0.048611 0.179067 0.048942 0.178819 0.048942 0.178323 0.048611 0.178323
0 0.204696 0.177827 0.204365 0.178075 0.204034 0.178075 0.204034 0.179067 0.204365 0.179067 0.204696 0.179315 0.205026 0.179067 0.205357 0.179067 0.205357 0.178075 0.205026 0.178075
0 0.214947 0.174603 0.214616 0.174851 0.214286 0.174851 0.214286 0.175347 0.214616 0.175347 0.214947 0.175595 0.215278 0.175347 0.215608 0.175347 0.215608 0.174851 0.215278 0.174851
0 0.208995 0.172371 0.208664 0.172619 0.208333 0.172619 0.208333 0.173115 0.208664 0.173363 0.208664 0.173611 0.208995 0.173859 0.208664 0.174107 0.208333 0.174107 0.208003 0.174355 0.208003 0.174851 0.208333 0.174851 0.208664 0.175099 0.208995 0.175099 0.209325 0.174851 0.209656 0.174851 0.209656 0.174107 0.209325 0.173859 0.209656 0.173611 0.209987 0.173611 0.209987 0.173115 0.209656 0.172867 0.209656 0.172619 0.209325 0.172619
0 0.210648 0.170635 0.210317 0.170883 0.209987 0.170883 0.209987 0.171379 0.210317 0.171379 0.210648 0.171627 0.210979 0.171379 0.211310 0.171379 0.211310 0.170883 0.210979 0.170883
0 0.113757 0.169643 0.113426 0.169891 0.113095 0.169891 0.113095 0.170883 0.113426 0.170883 0.113757 0.171131 0.114087 0.171131 0.114418 0.170883 0.114749 0.170883 0.114749 0.170387 0.114418 0.170139 0.114418 0.169891 0.114087 0.169891
0 0.211310 0.168403 0.210979 0.168651 0.210648 0.168651 0.210648 0.169147 0.210979 0.169147 0.211310 0.169395 0.211640 0.169147 0.211971 0.169147 0.211971 0.168651 0.211640 0.168651
0 0.116071 0.166667 0.115741 0.166915 0.115410 0.166915 0.115410 0.167411 0.115741 0.167411 0.116071 0.167659 0.116402 0.167411 0.116733 0.167411 0.116733 0.166915 0.116402 0.166915
0 0.212302 0.163938 0.211971 0.164187 0.211640 0.164187 0.211640 0.164683 0.211971 0.164683 0.212302 0.164931 0.212632 0.164683 0.212963 0.164683 0.212963 0.164187 0.212632 0.164187
0 0.017526 0.161706 0.017196 0.161954 0.016865 0.161954 0.016865 0.162450 0.017196 0.162698 0.017196 0.163194 0.017526 0.163194 0.017857 0.163442 0.018188 0.163194 0.018519 0.163194 0.018519 0.162698 0.018188 0.162450 0.018188 0.161954 0.017857 0.161954
0 0.066468 0.160218 0.066138 0.160466 0.065807 0.160466 0.065807 0.161210 0.066138 0.161210 0.066468 0.161458 0.066799 0.161210 0.067130 0.161210 0.067130 0.160466 0.066799 0.160466
0 0.118056 0.159226 0.117725 0.159474 0.117394 0.159474 0.117394 0.160218 0.117725 0.160218 0.118056 0.160466 0.118386 0.160218 0.118717 0.160218 0.118717 0.159474 0.118386 0.159474
0 0.018519 0.158730 0.018188 0.158978 0.017857 0.158978 0.017857 0.159474 0.018188 0.159722 0.017857 0.159970 0.017526 0.159970 0.017526 0.160466 0.017857 0.160466 0.018188 0.160714 0.018519 0.160466 0.018849 0.160466 0.018849 0.159970 0.018519 0.159722 0.018849 0.159474 0.019180 0.159474 0.019180 0.158978 0.018849 0.158978
0 0.291667 0.157986 0.291336 0.158234 0.291005 0.158234 0.291005 0.158730 0.291336 0.158730 0.291667 0.158978 0.291997 0.158730 0.292328 0.158730 0.292328 0.158234 0.291997 0.158234
0 0.212963 0.156994 0.212632 0.157242 0.212302 0.157242 0.212302 0.157738 0.212632 0.157738 0.212963 0.157986 0.213294 0.157738 0.213624 0.157738 0.213624 0.157242 0.213294 0.157242
0 0.217593 0.154762 0.217262 0.155010 0.216931 0.155010 0.216931 0.155506 0.217262 0.155506 0.217593 0.155754 0.217923 0.155506 0.218254 0.155506 0.218254 0.155010 0.217923 0.155010
0 0.255622 0.154266 0.255622 0.154762 0.255952 0.155010 0.256283 0.155010 0.256614 0.155258 0.257275 0.155258 0.257606 0.155506 0.257937 0.155258 0.258267 0.155258 0.258267 0.154762 0.257937 0.154762 0.257606 0.154514 0.257275 0.154514 0.256944 0.154266 0.256614 0.154266 0.256283 0.154018 0.255952 0.154266
0 0.195106 0.154018 0.194775 0.154266 0.194444 0.154266 0.194114 0.154514 0.194114 0.155010 0.194444 0.155010 0.194775 0.155258 0.195106 0.155010 0.195437 0.155010 0.195767 0.154762 0.195767 0.154266 0.195437 0.154266
0 0.267857 0.154018 0.267526 0.154018 0.267196 0.153770 0.266865 0.154018 0.266534 0.154018 0.266204 0.154266 0.265873 0.154018 0.265542 0.154018 0.265212 0.154266 0.264881 0.154266 0.264881 0.154762 0.265212 0.154762 0.265542 0.155010 0.265873 0.155010 0.266204 0.154762 0.266534 0.155010 0.266865 0.154762 0.267196 0.154762 0.267526 0.154514 0.267857 0.154514
0 0.197090 0.152282 0.196759 0.152530 0.196429 0.152530 0.196429 0.153026 0.196759 0.153026 0.197090 0.153274 0.197421 0.153026 0.197751 0.153026 0.197751 0.152530 0.197421 0.152530
0 0.152778 0.152034 0.152447 0.152282 0.152116 0.152282 0.152116 0.152778 0.152447 0.152778 0.152778 0.153026 0.153108 0.152778 0.153439 0.152778 0.153439 0.152282 0.153108 0.152282
0 0.218585 0.150546 0.218254 0.150794 0.217923 0.150794 0.217923 0.151290 0.218254 0.151538 0.218254 0.151786 0.218585 0.151786 0.218915 0.152034 0.219246 0.151786 0.219577 0.151786 0.219577 0.150794 0.219246 0.150794 0.218915 0.150546
0 0.020833 0.148562 0.020503 0.148810 0.020172 0.148810 0.020172 0.149306 0.020503 0.149306 0.020833 0.149554 0.021164 0.149306 0.021495 0.149306 0.021495 0.148810 0.021164 0.148810
0 0.128638 0.145833 0.128638 0.146329 0.128968 0.146329 0.129299 0.146577 0.129630 0.146577 0.129960 0.146329 0.130291 0.146329 0.130291 0.145833 0.129960 0.145833 0.129630 0.145585 0.129299 0.145585 0.128968 0.145833
0 0.023479 0.143105 0.023148 0.143105 0.022817 0.143353 0.022487 0.143353 0.022156 0.143105 0.021825 0.143353 0.021495 0.143353 0.021495 0.143849 0.021825 0.144097 0.021825 0.144593 0.022156 0.144593 0.022487 0.144841 0.022817 0.144841 0.023148 0.144593 0.023479 0.144593 0.023479 0.144345 0.023810 0.144097 0.024140 0.144097 0.024140 0.143353 0.023810 0.143353
0 0.029101 0.143105 0.029101 0.143601 0.029431 0.143601 0.029762 0.143849 0.029762 0.144097 0.030093 0.144097 0.030423 0.144345 0.030754 0.144097 0.031085 0.144097 0.031415 0.144345 0.031746 0.144345 0.032077 0.144097 0.032407 0.144097 0.032407 0.143353 0.032077 0.143353 0.031746 0.143105 0.031415 0.143105 0.031085 0.143353 0.030754 0.143353 0.030423 0.143105 0.030093 0.143105 0.029762 0.142857 0.029431 0.143105
0 0.044974 0.142361 0.044643 0.142609 0.044312 0.142609 0.043981 0.142857 0.043981 0.143353 0.043320 0.143849 0.042989 0.143849 0.042989 0.144345 0.043320 0.144345 0.043651 0.144593 0.042989 0.145089 0.042659 0.145089 0.042659 0.145585 0.042989 0.145585 0.043320 0.145833 0.043651 0.145585 0.043981 0.145585 0.044312 0.145833 0.044312 0.146081 0.044643 0.146081 0.044974 0.146329 0.045304 0.146081 0.045635 0.146081 0.045635 0.145585 0.045304 0.145585 0.044974 0.145337 0.044643 0.145585 0.044312 0.145585 0.043981 0.145337 0.043981 0.145089 0.043651 0.145089 0.043320 0.144841 0.043981 0.144345 0.044312 0.144345 0.044312 0.144097 0.044974 0.143601 0.045304 0.143601 0.045304 0.143353 0.045635 0.143105 0.045635 0.142609 0.045304 0.142609
0 0.008598 0.142609 0.008598 0.143105 0.008929 0.143105 0.009259 0.143353 0.009590 0.143353 0.009921 0.143105 0.010251 0.143105 0.010251 0.142609 0.009921 0.142609 0.009590 0.142361 0.009259 0.142361 0.008929 0.142609
0 0.256944 0.134921 0.256614 0.135169 0.256283 0.135169 0.256283 0.135665 0.256614 0.135665 0.256944 0.135913 0.257275 0.135665 0.257606 0.135665 0.257606 0.135169 0.257275 0.135169
0 0.204365 0.135169 0.204365 0.135665 0.204696 0.135665 0.205026 0.135913 0.205357 0.135913 0.205688 0.135665 0.206019 0.135665 0.206019 0.135169 0.205688 0.135169 0.205357 0.134921 0.205026 0.134921 0.204696 0.135169
0 0.102513 0.133681 0.102183 0.133929 0.101852 0.133929 0.101852 0.134425 0.102183 0.134425 0.102513 0.134673 0.102844 0.134425 0.103175 0.134425 0.103175 0.133929 0.102844 0.133929
0 0.171958 0.124256 0.171958 0.124752 0.172288 0.125000 0.172619 0.125000 0.172950 0.125248 0.173280 0.125248 0.173611 0.125496 0.173611 0.125744 0.173942 0.125744 0.174272 0.125992 0.174272 0.126488 0.174603 0.126488 0.174934 0.126736 0.175265 0.126488 0.175595 0.126488 0.175595 0.125992 0.175265 0.125992 0.174934 0.125744 0.174934 0.125248 0.174603 0.125000 0.174603 0.124752 0.174272 0.124752 0.173942 0.124504 0.173611 0.124504 0.173280 0.124256 0.172950 0.124256 0.172619 0.124008 0.172288 0.124256
0 0.231812 0.121032 0.231481 0.121280 0.231151 0.121280 0.231151 0.121776 0.231481 0.121776 0.231812 0.122024 0.232143 0.121776 0.232474 0.121776 0.232474 0.121280 0.232143 0.121280
0 0.234127 0.120288 0.233796 0.120536 0.233466 0.120536 0.233466 0.121032 0.233796 0.121032 0.234127 0.121280 0.234458 0.121032 0.234788 0.121032 0.234788 0.120536 0.234458 0.120536
0 0.114418 0.117312 0.114087 0.117560 0.113757 0.117560 0.113757 0.118056 0.114087 0.118056 0.114418 0.118304 0.114749 0.118056 0.115079 0.118056 0.115079 0.117560 0.114749 0.117560
0 0.241071 0.117312 0.240741 0.117312 0.240410 0.117063 0.240079 0.117312 0.239749 0.117312 0.239087 0.117808 0.238757 0.117808 0.238426 0.118056 0.238095 0.118056 0.238095 0.118800 0.238426 0.118800 0.238757 0.119048 0.239087 0.119048 0.239418 0.118800 0.239749 0.118800 0.240741 0.118056 0.241071 0.118056
0 0.244048 0.115823 0.243717 0.116071 0.243386 0.116071 0.243386 0.116567 0.243717 0.116567 0.244048 0.116815 0.244378 0.116567 0.244709 0.116567 0.244709 0.116071 0.244378 0.116071
0 0.169312 0.115823 0.168981 0.116071 0.168651 0.116071 0.168320 0.116319 0.168320 0.118056 0.168651 0.118056 0.168981 0.118304 0.169312 0.118056 0.169643 0.118056 0.169643 0.116815 0.169974 0.116567 0.169974 0.116071 0.169643 0.116071
0 0.171958 0.110367 0.171627 0.110615 0.171296 0.110615 0.171296 0.111111 0.170966 0.111359 0.170966 0.111607 0.170635 0.111855 0.170635 0.112103 0.170304 0.112351 0.170304 0.112847 0.169974 0.113095 0.169974 0.113591 0.170304 0.113591 0.170635 0.113839 0.170966 0.113591 0.171296 0.113591 0.171296 0.113343 0.171627 0.113095 0.171627 0.112599 0.171958 0.112351 0.171958 0.112103 0.172288 0.111855 0.172288 0.111607 0.172619 0.111359 0.172619 0.110615 0.172288 0.110615
0 0.173611 0.107143 0.173280 0.107391 0.172950 0.107391 0.172950 0.107887 0.173280 0.107887 0.173611 0.108135 0.173942 0.107887 0.174272 0.107887 0.174272 0.107391 0.173942 0.107391
0 0.088294 0.106647 0.088294 0.107143 0.088624 0.107143 0.088955 0.107391 0.089286 0.107391 0.089616 0.107143 0.089947 0.107143 0.089947 0.106647 0.089616 0.106647 0.089286 0.106399 0.088955 0.106399 0.088624 0.106647
0 0.114749 0.105407 0.114418 0.105655 0.114087 0.105655 0.114087 0.106399 0.114418 0.106399 0.114749 0.106647 0.114418 0.106895 0.114087 0.106895 0.114087 0.107391 0.114418 0.107391 0.114749 0.107639 0.115079 0.107391 0.115410 0.107391 0.115410 0.106895 0.115079 0.106895 0.114749 0.106647 0.115079 0.106399 0.115410 0.106399 0.115410 0.105655 0.115079 0.105655
0 0.026455 0.105159 0.026124 0.105407 0.025794 0.105407 0.025794 0.105903 0.026124 0.105903 0.026455 0.106151 0.026786 0.105903 0.027116 0.105903 0.027116 0.105407 0.026786 0.105407
0 0.083995 0.100446 0.083664 0.100694 0.083333 0.100694 0.083333 0.101190 0.083664 0.101190 0.083995 0.101438 0.084325 0.101190 0.084656 0.101190 0.084656 0.100694 0.084325 0.100694
0 0.103836 0.100446 0.103505 0.100446 0.103175 0.100198 0.102844 0.100446 0.102513 0.100446 0.102513 0.100694 0.102183 0.100942 0.101852 0.100942 0.101521 0.100694 0.101190 0.100694 0.100860 0.100942 0.100529 0.100942 0.100529 0.101190 0.099868 0.101687 0.099206 0.101687 0.098876 0.101438 0.098545 0.101687 0.098214 0.101687 0.098214 0.102183 0.098545 0.102183 0.098876 0.102431 0.099206 0.102183 0.099868 0.102183 0.100198 0.102431 0.100529 0.102183 0.100860 0.102183 0.100860 0.101935 0.101190 0.101687 0.101521 0.101687 0.101852 0.101935 0.102183 0.101687 0.102513 0.101687 0.102513 0.101190 0.102844 0.100942 0.103175 0.101190 0.103505 0.100942 0.103836 0.100942
0 0.113426 0.099702 0.113095 0.099950 0.112765 0.099950 0.112765 0.100694 0.113095 0.100694 0.113426 0.100942 0.113095 0.101190 0.112765 0.101190 0.112765 0.101438 0.112434 0.101687 0.112434 0.102431 0.112103 0.102679 0.112103 0.103671 0.112434 0.103919 0.112434 0.104415 0.112765 0.104415 0.113095 0.104663 0.113757 0.104663 0.114087 0.104415 0.114418 0.104415 0.114418 0.103919 0.114087 0.103671 0.114087 0.101190 0.113757 0.101190 0.113426 0.100942 0.113757 0.100694 0.114087 0.100694 0.114087 0.099950 0.113757 0.099950
0 0.170635 0.099454 0.170635 0.100198 0.170966 0.100198 0.171296 0.100446 0.170966 0.100694 0.170635 0.100694 0.170635 0.101190 0.170966 0.101438 0.170966 0.101935 0.171627 0.102431 0.171627 0.102679 0.171958 0.102679 0.172288 0.102927 0.172619 0.102927 0.172950 0.103175 0.172950 0.103671 0.174934 0.105159 0.175265 0.105159 0.175595 0.105407 0.175926 0.105407 0.176257 0.105159 0.176587 0.105159 0.176587 0.104415 0.176257 0.104415 0.175926 0.104167 0.175926 0.103919 0.175595 0.103919 0.174934 0.103423 0.174603 0.103423 0.174272 0.103175 0.173942 0.103175 0.173280 0.102679 0.173280 0.102183 0.172950 0.101935 0.172950 0.101687 0.172619 0.101687 0.172288 0.101438 0.172288 0.101190 0.171958 0.100942 0.171958 0.100694 0.171627 0.100694 0.171296 0.100446 0.171627 0.100198 0.171958 0.100198 0.171958 0.099454 0.171627 0.099454 0.171296 0.099206 0.170966 0.099454
0 0.105489 0.098958 0.105159 0.099206 0.104828 0.099206 0.104828 0.099702 0.105159 0.099702 0.105489 0.099950 0.105820 0.099702 0.106151 0.099702 0.106151 0.099206 0.105820 0.099206
0 0.012897 0.098958 0.012897 0.099454 0.013228 0.099454 0.013558 0.099702 0.013889 0.099702 0.014220 0.099454 0.014550 0.099454 0.014550 0.098958 0.014220 0.098958 0.013889 0.098710 0.013558 0.098710 0.013228 0.098958
0 0.115079 0.095734 0.114749 0.095734 0.114418 0.095486 0.114087 0.095486 0.113757 0.095734 0.113426 0.095734 0.113095 0.095982 0.112765 0.095982 0.112434 0.096230 0.112103 0.096230 0.111772 0.096478 0.111442 0.096478 0.111111 0.096726 0.110119 0.096726 0.109788 0.096974 0.109458 0.096974 0.109127 0.097222 0.108466 0.097222 0.108135 0.097470 0.107804 0.097470 0.107143 0.097966 0.106812 0.097966 0.106481 0.098214 0.106151 0.098214 0.106151 0.098710 0.106481 0.098710 0.106812 0.098958 0.107143 0.098710 0.107474 0.098710 0.107804 0.098462 0.108135 0.098710 0.108466 0.098462 0.108796 0.098462 0.109458 0.097966 0.110119 0.097966 0.110450 0.097718 0.111111 0.097718 0.111442 0.097470 0.112434 0.097470 0.112765 0.097718 0.112765 0.097966 0.113095 0.098214 0.113095 0.098958 0.113426 0.098958 0.113757 0.099206 0.114087 0.098958 0.114418 0.098958 0.114418 0.097222 0.115079 0.096726
0 0.120370 0.094246 0.120040 0.094494 0.119709 0.094494 0.119378 0.094742 0.119378 0.095238 0.119709 0.095238 0.120040 0.095486 0.120370 0.095486 0.120701 0.095238 0.121032 0.095238 0.121032 0.094494 0.120701 0.094494
0 0.076720 0.093998 0.076389 0.094246 0.076058 0.094246 0.076058 0.094742 0.076389 0.094990 0.076720 0.094990 0.077050 0.095238 0.077381 0.094990 0.077712 0.094990 0.077712 0.094494 0.077381 0.094246 0.077050 0.094246
0 0.011905 0.091022 0.011574 0.091270 0.011243 0.091270 0.011243 0.091766 0.011574 0.091766 0.011905 0.092014 0.012235 0.091766 0.012566 0.091766 0.012566 0.091270 0.012235 0.091270
0 0.068783 0.089782 0.068452 0.090030 0.068122 0.090030 0.068122 0.090526 0.068783 0.091022 0.068783 0.091270 0.069114 0.091270 0.069444 0.091518 0.069775 0.091270 0.070106 0.091270 0.070106 0.090774 0.069775 0.090526 0.069775 0.090278 0.069444 0.090030 0.069114 0.090030
0 0.010251 0.089286 0.010251 0.090030 0.010582 0.090278 0.010913 0.090278 0.011243 0.090526 0.011574 0.090526 0.011905 0.090278 0.012235 0.090278 0.012235 0.090030 0.012566 0.089782 0.012897 0.089782 0.012897 0.089286 0.012566 0.089286 0.012235 0.089038 0.011905 0.089286 0.011574 0.089286 0.011243 0.089038 0.010913 0.089038 0.010582 0.089286
0 0.139881 0.087302 0.139550 0.087550 0.139220 0.087550 0.139220 0.088046 0.139550 0.088046 0.139881 0.088294 0.140212 0.088046 0.140542 0.088046 0.140542 0.087550 0.140212 0.087550
0 0.008598 0.086062 0.008267 0.086310 0.007937 0.086310 0.007937 0.086806 0.008267 0.086806 0.008598 0.087054 0.008929 0.086806 0.009259 0.086806 0.009259 0.086310 0.008929 0.086310
0 0.146825 0.084821 0.146495 0.085069 0.146164 0.085069 0.146164 0.085565 0.146495 0.085565 0.146825 0.085813 0.147156 0.085565 0.147487 0.085565 0.147487 0.085069 0.147156 0.085069
0 0.036045 0.082589 0.035714 0.082837 0.035384 0.082837 0.035384 0.083581 0.035714 0.083581 0.036045 0.083829 0.036376 0.083581 0.036706 0.083581 0.036706 0.082837 0.036376 0.082837
0 0.174272 0.081845 0.173942 0.082093 0.173611 0.082093 0.173611 0.083829 0.173942 0.084077 0.173942 0.084325 0.173611 0.084573 0.173611 0.085069 0.173280 0.085317 0.173280 0.087550 0.172950 0.087798 0.172950 0.088294 0.173280 0.088294 0.173611 0.088542 0.173942 0.088294 0.174272 0.088294 0.174272 0.088046 0.174603 0.087798 0.174603 0.087302 0.174934 0.087054 0.174934 0.086558 0.175265 0.086310 0.175265 0.082837 0.174934 0.082589 0.174934 0.082093 0.174603 0.082093
0 0.135582 0.082093 0.135582 0.082589 0.135913 0.082589 0.136243 0.082837 0.136574 0.082837 0.136905 0.083085 0.137235 0.082837 0.137566 0.082837 0.137566 0.082341 0.137235 0.082093 0.136905 0.082093 0.136574 0.081845 0.136243 0.081845 0.135913 0.082093
0 0.174603 0.080109 0.174272 0.080357 0.173942 0.080357 0.173942 0.080853 0.174272 0.080853 0.174603 0.081101 0.174934 0.080853 0.175265 0.080853 0.175265 0.080357 0.174934 0.080357
0 0.174603 0.075893 0.174272 0.076141 0.173942 0.076141 0.173942 0.076637 0.174272 0.076885 0.174272 0.078125 0.174603 0.078373 0.174603 0.078869 0.174934 0.078869 0.175265 0.079117 0.175595 0.078869 0.175926 0.078869 0.175926 0.078373 0.175595 0.078125 0.175595 0.076389 0.175265 0.076141 0.174934 0.076141
0 0.136243 0.072421 0.135913 0.072421 0.135582 0.072669 0.135251 0.072669 0.134921 0.072917 0.134921 0.075645 0.135251 0.075893 0.135251 0.077133 0.134921 0.077381 0.134921 0.078125 0.135251 0.078373 0.135251 0.079613 0.135582 0.079613 0.135913 0.079861 0.136243 0.079613 0.136574 0.079613 0.136574 0.078869 0.136905 0.078621 0.136905 0.075645 0.136574 0.075397 0.136574 0.074653 0.136905 0.074405 0.136905 0.072669 0.136574 0.072669
0 0.097222 0.068700 0.097222 0.069692 0.097553 0.069692 0.097884 0.069940 0.098545 0.069940 0.098876 0.069692 0.099206 0.069692 0.099206 0.068948 0.098876 0.068948 0.098545 0.068700 0.098214 0.068700 0.097884 0.068452 0.097553 0.068700
0 0.174603 0.067212 0.174272 0.067460 0.173942 0.067460 0.173942 0.067956 0.174272 0.068204 0.174272 0.068948 0.173942 0.069196 0.173942 0.069692 0.174272 0.069692 0.174603 0.069940 0.174934 0.069940 0.175265 0.069692 0.175595 0.069692 0.175595 0.069444 0.175926 0.069196 0.175926 0.068948 0.176257 0.068700 0.176587 0.068700 0.176587 0.068204 0.176257 0.068204 0.175926 0.067956 0.175595 0.068204 0.175265 0.067956 0.175265 0.067460 0.174934 0.067460
0 0.144841 0.066964 0.144511 0.067212 0.144180 0.067212 0.144180 0.067708 0.144511 0.067708 0.144841 0.067956 0.145172 0.067708 0.145503 0.067708 0.145503 0.067212 0.145172 0.067212
0 0.147817 0.064732 0.147487 0.064732 0.147156 0.064484 0.146825 0.064732 0.145833 0.064732 0.145503 0.064980 0.145172 0.064980 0.144841 0.065228 0.144841 0.066220 0.145172 0.066220 0.145503 0.066468 0.145833 0.066220 0.146495 0.066220 0.146825 0.066468 0.147156 0.066220 0.147487 0.066220 0.147487 0.065972 0.147817 0.065724
0 0.095238 0.063492 0.094907 0.063740 0.094577 0.063740 0.094577 0.064236 0.094907 0.064484 0.094907 0.065476 0.095238 0.065724 0.095238 0.066220 0.095569 0.066468 0.095569 0.066716 0.095899 0.066716 0.096230 0.066964 0.096561 0.066716 0.096892 0.066716 0.096892 0.066220 0.096561 0.065972 0.096561 0.065724 0.096230 0.065476 0.096230 0.064484 0.095899 0.064236 0.095899 0.063740 0.095569 0.063740
0 0.136243 0.061260 0.135913 0.061260 0.135582 0.061012 0.135251 0.061260 0.134921 0.061260 0.134921 0.061508 0.134259 0.062004 0.133929 0.062004 0.133929 0.062748 0.134259 0.062748 0.134590 0.062996 0.134921 0.062748 0.135251 0.062748 0.135582 0.062500 0.135582 0.062004 0.135913 0.061756 0.136243 0.061756
0 0.086971 0.056548 0.086640 0.056796 0.086310 0.056796 0.086310 0.057292 0.086640 0.057292 0.086971 0.057540 0.087302 0.057292 0.087632 0.057292 0.087632 0.056796 0.087302 0.056796
0 0.139550 0.053075 0.139220 0.053323 0.138889 0.053323 0.138889 0.053819 0.139220 0.053819 0.139550 0.054067 0.139881 0.053819 0.140212 0.053819 0.140212 0.053323 0.139881 0.053323
0 0.060516 0.052579 0.060185 0.052827 0.059854 0.052827 0.059854 0.054315 0.060185 0.054563 0.060516 0.054563 0.060847 0.054812 0.061177 0.054563 0.061508 0.054563 0.061508 0.054315 0.062169 0.053819 0.062169 0.053323 0.061839 0.053323 0.061177 0.052827 0.060847 0.052827
0 0.058532 0.051339 0.058201 0.051587 0.057870 0.051587 0.057870 0.052083 0.058201 0.052083 0.058532 0.052331 0.058862 0.052083 0.059193 0.052083 0.059193 0.051587 0.058862 0.051587
0 0.054233 0.049107 0.053902 0.049355 0.053571 0.049355 0.053571 0.049851 0.053902 0.050099 0.054233 0.050099 0.054563 0.050347 0.054894 0.050099 0.055225 0.050099 0.055225 0.049603 0.054894 0.049355 0.054563 0.049355
0 0.175926 0.048859 0.175595 0.049107 0.175265 0.049107 0.175265 0.049851 0.175595 0.049851 0.175926 0.050099 0.176257 0.049851 0.176587 0.049851 0.176587 0.049107 0.176257 0.049107
0 0.095899 0.047619 0.095569 0.047867 0.095238 0.047867 0.095238 0.048363 0.095569 0.048363 0.095899 0.048611 0.096230 0.048363 0.096561 0.048363 0.096561 0.047867 0.096230 0.047867
0 0.043651 0.045635 0.043320 0.045883 0.042989 0.045883 0.042989 0.046379 0.043320 0.046379 0.043651 0.046627 0.043981 0.046379 0.044312 0.046379 0.044312 0.045883 0.043981 0.045883
0 0.041997 0.044643 0.041667 0.044891 0.041336 0.044891 0.041336 0.045387 0.041667 0.045387 0.041997 0.045635 0.042328 0.045387 0.042659 0.045387 0.042659 0.044891 0.042328 0.044891
0 0.182870 0.041667 0.182540 0.041915 0.182209 0.041915 0.182209 0.042411 0.182540 0.042411 0.182870 0.042659 0.183201 0.042411 0.183532 0.042411 0.183532 0.041915 0.183201 0.041915
0 0.036706 0.040427 0.036376 0.040675 0.036045 0.040675 0.036045 0.041171 0.036376 0.041171 0.036706 0.041419 0.037037 0.041171 0.037368 0.041171 0.037368 0.040675 0.037037 0.040675
0 0.185847 0.035962 0.185847 0.036458 0.186177 0.036458 0.186508 0.036706 0.186839 0.036706 0.187169 0.036458 0.187500 0.036458 0.187500 0.035962 0.187169 0.035962 0.186839 0.035714 0.186508 0.035714 0.186177 0.035962
0 0.195106 0.027034 0.194775 0.027034 0.194444 0.026786 0.194114 0.027034 0.193783 0.027034 0.193783 0.027282 0.193452 0.027530 0.193122 0.027530 0.192460 0.028026 0.192460 0.028770 0.192791 0.028770 0.193122 0.029018 0.193452 0.028770 0.193783 0.028770 0.194444 0.028274 0.194444 0.027778 0.194775 0.027530 0.195106 0.027530
0 0.198413 0.023562 0.198082 0.023562 0.197751 0.023313 0.197421 0.023562 0.197090 0.023562 0.196098 0.024306 0.196098 0.024802 0.195767 0.025050 0.195767 0.025546 0.196098 0.025546 0.196429 0.025794 0.196759 0.025546 0.197090 0.025546 0.197751 0.025050 0.197751 0.024554 0.198413 0.024058
0 0.013889 0.022569 0.013889 0.023065 0.014220 0.023065 0.014550 0.023313 0.015212 0.023313 0.015542 0.023562 0.015873 0.023313 0.016204 0.023313 0.016204 0.022817 0.015873 0.022569 0.015873 0.022321 0.015542 0.022321 0.015212 0.022073 0.014881 0.022073 0.014550 0.022321 0.014220 0.022321
0 0.203373 0.018353 0.203042 0.018601 0.202712 0.018601 0.202712 0.019097 0.203042 0.019097 0.203373 0.019345 0.203704 0.019097 0.204034 0.019097 0.204034 0.018601 0.203704 0.018601
0 0.025132 0.014385 0.024802 0.014633 0.024471 0.014633 0.024140 0.014881 0.024140 0.015377 0.024471 0.015377 0.024802 0.015625 0.025132 0.015377 0.025463 0.015377 0.025794 0.015129 0.025794 0.014633 0.025463 0.014633