0 0.114496 0.200514 0.114321 0.200514 0.114146 0.200280 0.113971 0.200514 0.113796 0.200514 0.113796 0.200747 0.113445 0.201214 0.113270 0.201214 0.113270 0.201681 0.113445 0.201681 0.113620 0.201914 0.113796 0.201681 0.113971 0.201681 0.113971 0.201447 0.114321 0.200980 0.114496 0.200980
0 0.134804 0.193044 0.134629 0.193044 0.134454 0.192810 0.134279 0.193044 0.134104 0.193044 0.133754 0.193511 0.133754 0.193744 0.133578 0.193978 0.133403 0.193978 0.133403 0.194444 0.133578 0.194444 0.133754 0.194678 0.133929 0.194444 0.134104 0.194444 0.134104 0.194211 0.134279 0.193978 0.134454 0.193978 0.134804 0.193511
0 0.137080 0.184641 0.136905 0.184874 0.136730 0.184874 0.136730 0.185341 0.136905 0.185341 0.137080 0.185574 0.137255 0.185341 0.137430 0.185341 0.137430 0.184874 0.137255 0.184874
0 0.115721 0.179038 0.115546 0.179272 0.115371 0.179272 0.115371 0.179739 0.115546 0.179739 0.115721 0.179972 0.115896 0.179739 0.116071 0.179739 0.116071 0.179272 0.115896 0.179272
0 0.141457 0.177638 0.141282 0.177871 0.141106 0.177871 0.141106 0.178338 0.141282 0.178338 0.141457 0.178571 0.141632 0.178338 0.141807 0.178338 0.141807 0.177871 0.141632 0.177871
0 0.176296 0.175303 0.176120 0.175537 0.175770 0.175537 0.175595 0.175770 0.175420 0.175770 0.175420 0.176237 0.175595 0.176471 0.175595 0.176704 0.175770 0.176937 0.175770 0.177171 0.176120 0.177638 0.176120 0.177871 0.176296 0.177871 0.176471 0.178105 0.176646 0.177871 0.176821 0.177871 0.176821 0.177404 0.176646 0.177171 0.176646 0.176937 0.176296 0.176471 0.176296 0.176237 0.176471 0.176004 0.176646 0.176004 0.176646 0.175537 0.176471 0.175537
0 0.144783 0.174136 0.144608 0.174370 0.144433 0.174370 0.144433 0.174837 0.144608 0.175070 0.144608 0.175537 0.144783 0.175537 0.144958 0.175770 0.145133 0.175537 0.145308 0.175537 0.145308 0.175070 0.145133 0.174837 0.145133 0.174370 0.144958 0.174370
0 0.115371 0.172736 0.115196 0.172969 0.115021 0.172969 0.115021 0.173436 0.115196 0.173436 0.115371 0.173669 0.115546 0.173436 0.115721 0.173436 0.115721 0.172969 0.115546 0.172969
0 0.174020 0.170401 0.173845 0.170635 0.173669 0.170635 0.173669 0.171102 0.173845 0.171102 0.174020 0.171335 0.174195 0.171102 0.174370 0.171102 0.174370 0.170635 0.174195 0.170635
0 0.147234 0.169468 0.147059 0.169701 0.146884 0.169701 0.146884 0.170168 0.147059 0.170168 0.147234 0.170401 0.147409 0.170168 0.147584 0.170168 0.147584 0.169701 0.147409 0.169701
0 0.161239 0.151261 0.161064 0.151494 0.160889 0.151494 0.160889 0.151961 0.161064 0.151961 0.161239 0.152194 0.161415 0.151961 0.161590 0.151961 0.161590 0.151494 0.161415 0.151494
0 0.114146 0.148693 0.114146 0.149393 0.114321 0.149393 0.114496 0.149627 0.114846 0.149627 0.115021 0.149860 0.115196 0.149627 0.115371 0.149627 0.115371 0.149160 0.115196 0.149160 0.114846 0.148693 0.114671 0.148693 0.114496 0.148459 0.114321 0.148693
0 0.114496 0.144725 0.114321 0.144958 0.114146 0.144958 0.114146 0.145658 0.113971 0.145892 0.113796 0.145892 0.113796 0.146592 0.113971 0.146592 0.114321 0.147059 0.114146 0.147292 0.113971 0.147292 0.113971 0.147759 0.114146 0.147759 0.114321 0.147993 0.114671 0.147993 0.114846 0.148226 0.115021 0.147993 0.115196 0.147993 0.115196 0.147526 0.115021 0.147526 0.114846 0.147292 0.114496 0.147292 0.114146 0.146825 0.114321 0.146592 0.114496 0.146592 0.114496 0.146359 0.114846 0.145892 0.115021 0.145892 0.115021 0.145425 0.114846 0.145191 0.114846 0.144958 0.114671 0.144958
0 0.165091 0.096872 0.164916 0.097106 0.164741 0.097106 0.164741 0.097572 0.164916 0.097572 0.165091 0.097806 0.165266 0.097572 0.165441 0.097572 0.165441 0.097106 0.165266 0.097106
0 0.178571 0.013539 0.178396 0.013772 0.178221 0.013772 0.178221 0.014239 0.178396 0.014239 0.178571 0.014472 0.178746 0.014239 0.178922 0.014239 0.178922 0.013772 0.178746 0.013772