0 0.159970 0.272817 0.159722 0.273148 0.159474 0.273148 0.159474 0.273810 0.159970 0.274471 0.159970 0.274802 0.160218 0.275132 0.160218 0.275463 0.160466 0.275794 0.160466 0.276455 0.160714 0.276786 0.160962 0.276786 0.161210 0.277116 0.161458 0.276786 0.161706 0.276786 0.161706 0.274471 0.161458 0.274471 0.161210 0.274140 0.160962 0.274140 0.160714 0.273810 0.160714 0.273148 0.160466 0.273148 0.160218 0.272817
0 0.156250 0.267196 0.156002 0.267526 0.155754 0.267526 0.155754 0.268188 0.156002 0.268188 0.156250 0.268519 0.156498 0.268188 0.156746 0.268188 0.156746 0.267526 0.156498 0.267526
0 0.158978 0.266204 0.158730 0.266534 0.158482 0.266534 0.158482 0.267196 0.158234 0.267526 0.158234 0.268188 0.158482 0.268188 0.158730 0.268519 0.158978 0.268188 0.159226 0.268188 0.159226 0.267526 0.159474 0.267196 0.159474 0.266534 0.159226 0.266534
0 0.265873 0.266534 0.265873 0.267196 0.266121 0.267196 0.266369 0.267526 0.266617 0.267526 0.266865 0.267196 0.267113 0.267526 0.267609 0.267526 0.267857 0.267196 0.268105 0.267196 0.268353 0.267526 0.268601 0.267196 0.268849 0.267196 0.269097 0.266865 0.269345 0.267196 0.270089 0.267196 0.270337 0.267526 0.270585 0.267526 0.270833 0.267196 0.271081 0.267196 0.271329 0.266865 0.272073 0.266865 0.272321 0.267196 0.272569 0.266865 0.273065 0.266865 0.273313 0.266534 0.273562 0.266865 0.273810 0.266865 0.274058 0.267196 0.274802 0.267196 0.275050 0.266865 0.275298 0.267196 0.275546 0.266865 0.275794 0.266865 0.275794 0.265873 0.275546 0.265873 0.275298 0.265542 0.275050 0.265873 0.274058 0.265873 0.273810 0.266204 0.273562 0.265873 0.273313 0.265873 0.273065 0.265542 0.272817 0.265873 0.272321 0.265873 0.272073 0.266204 0.271329 0.266204 0.271081 0.265873 0.270833 0.266204 0.270585 0.266204 0.270337 0.265873 0.270089 0.266204 0.269841 0.265873 0.269345 0.265873 0.269097 0.266204 0.268849 0.265873 0.268353 0.265873 0.268105 0.265542 0.266617 0.265542 0.266369 0.265873 0.266121 0.265873 0.266121 0.266204
0 0.160714 0.235450 0.160714 0.236111 0.160962 0.236111 0.161210 0.236442 0.161458 0.236442 0.161706 0.236772 0.161954 0.236442 0.162202 0.236442 0.162202 0.235780 0.161954 0.235780 0.161706 0.235450 0.161458 0.235450 0.161210 0.235119 0.160962 0.235450
0 0.159722 0.233796 0.159474 0.234127 0.159226 0.234127 0.159226 0.234788 0.159474 0.234788 0.159722 0.235119 0.159970 0.234788 0.160218 0.234788 0.160218 0.234127 0.159970 0.234127
0 0.162450 0.231151 0.162202 0.231481 0.161954 0.231481 0.161954 0.232143 0.162202 0.232143 0.162450 0.232474 0.162698 0.232143 0.162946 0.232143 0.162946 0.231481 0.162698 0.231481
0 0.265377 0.203704 0.265129 0.203704 0.264881 0.203373 0.264633 0.203704 0.264385 0.203704 0.264137 0.204034 0.263889 0.204034 0.263889 0.204696 0.264137 0.204696 0.264385 0.205026 0.264633 0.204696 0.264881 0.204696 0.265129 0.204365 0.265377 0.204365
0 0.152530 0.202050 0.152282 0.202381 0.152034 0.202381 0.152034 0.203042 0.152282 0.203373 0.152282 0.204034 0.152530 0.204034 0.152778 0.204365 0.153026 0.204034 0.153274 0.204034 0.153274 0.203373 0.153026 0.203042 0.153026 0.202381 0.152778 0.202381
0 0.286210 0.197421 0.286210 0.198082 0.286458 0.198082 0.286706 0.198413 0.286954 0.198082 0.287202 0.198413 0.287450 0.198082 0.287698 0.198082 0.287698 0.197421 0.287450 0.197421 0.287202 0.197090 0.286954 0.197421 0.286706 0.197090 0.286458 0.197421
0 0.291171 0.197421 0.291171 0.198082 0.291419 0.198082 0.291667 0.198413 0.292163 0.198413 0.292411 0.198743 0.292659 0.198413 0.292907 0.198413 0.292907 0.197751 0.292659 0.197751 0.292411 0.197421 0.292411 0.197090 0.292163 0.197090 0.291915 0.196759 0.291667 0.197090 0.291419 0.197090
0 0.149554 0.197090 0.149554 0.197751 0.149802 0.197751 0.150050 0.198082 0.150298 0.197751 0.150546 0.197751 0.150546 0.197421 0.150794 0.197090 0.151042 0.197090 0.151290 0.197421 0.151538 0.197421 0.151786 0.197751 0.152034 0.197751 0.152282 0.198082 0.152530 0.197751 0.152778 0.197751 0.152778 0.197090 0.152530 0.197090 0.152282 0.196759 0.152034 0.196759 0.151786 0.196429 0.151538 0.196759 0.151290 0.196759 0.151042 0.196429 0.150794 0.196429 0.150546 0.196098 0.150298 0.196429 0.150050 0.196429 0.150050 0.196759 0.149802 0.197090
0 0.289683 0.195767 0.289435 0.196098 0.289187 0.196098 0.289187 0.196759 0.289435 0.196759 0.289683 0.197090 0.289435 0.197421 0.289435 0.198082 0.289683 0.198082 0.289931 0.198413 0.290179 0.198082 0.290427 0.198082 0.290427 0.197421 0.290179 0.197421 0.289931 0.197090 0.290179 0.196759 0.290179 0.196098 0.289931 0.196098
0 0.162698 0.194114 0.162450 0.193783 0.162202 0.193783 0.161954 0.193452 0.161706 0.193783 0.161458 0.193783 0.161210 0.193452 0.160962 0.193452 0.160714 0.193783 0.160466 0.193452 0.159970 0.193452 0.159722 0.193122 0.159474 0.193122 0.159226 0.193452 0.158730 0.193452 0.158482 0.193122 0.158234 0.193452 0.157986 0.193452 0.157986 0.194114 0.158234 0.194114 0.158482 0.194444 0.158730 0.194114 0.159226 0.194114 0.159970 0.195106 0.159970 0.195437 0.160218 0.195437 0.160466 0.195767 0.160218 0.196098 0.159970 0.196098 0.159970 0.196759 0.159722 0.197090 0.159474 0.197090 0.159474 0.197751 0.159226 0.198082 0.158978 0.197751 0.158730 0.197751 0.158482 0.197421 0.158234 0.197751 0.157986 0.197751 0.157986 0.198743 0.157738 0.199074 0.157738 0.199405 0.157490 0.199735 0.157242 0.199735 0.156746 0.199074 0.156746 0.198413 0.156498 0.198413 0.156250 0.198082 0.156002 0.198413 0.155754 0.198413 0.155754 0.199074 0.156002 0.199405 0.155754 0.199735 0.155754 0.200397 0.156002 0.200728 0.156250 0.200728 0.156498 0.201058 0.156746 0.200728 0.156994 0.200728 0.157242 0.200397 0.157986 0.200397 0.158234 0.200728 0.158482 0.200397 0.158730 0.200397 0.158978 0.200066 0.159226 0.200066 0.159226 0.199405 0.158978 0.199074 0.159226 0.198743 0.159226 0.198082 0.159474 0.197751 0.159722 0.197751 0.159970 0.198082 0.160218 0.197751 0.160466 0.197751 0.160466 0.197090 0.160714 0.196759 0.160962 0.196759 0.160962 0.196098 0.160714 0.196098 0.160466 0.195767 0.160714 0.195437 0.160962 0.195437 0.160962 0.195106 0.161210 0.194775 0.161706 0.194775 0.161954 0.195106 0.162202 0.195106 0.162450 0.194775 0.162698 0.194775
0 0.283978 0.190476 0.283978 0.191138 0.284226 0.191138 0.284474 0.191468 0.284722 0.191138 0.284970 0.191468 0.285218 0.191138 0.285466 0.191138 0.285466 0.190476 0.285218 0.190476 0.284970 0.190146 0.284722 0.190476 0.284474 0.190146 0.284226 0.190476
0 0.291667 0.190807 0.291419 0.190807 0.291171 0.190476 0.290923 0.190807 0.290675 0.190476 0.290427 0.190807 0.290179 0.190807 0.289931 0.190476 0.289931 0.190146 0.289683 0.190146 0.289435 0.189815 0.289187 0.190146 0.288938 0.190146 0.288938 0.190807 0.289187 0.191138 0.289187 0.191468 0.289435 0.191468 0.289683 0.191799 0.289683 0.192460 0.289931 0.192791 0.289931 0.193122 0.289683 0.193452 0.289435 0.193122 0.289187 0.193452 0.288938 0.193452 0.288938 0.194444 0.289187 0.194444 0.289435 0.194775 0.289683 0.194444 0.289931 0.194444 0.289931 0.193452 0.290179 0.193122 0.290427 0.193452 0.290675 0.193122 0.290923 0.193122 0.291171 0.192791 0.291171 0.191799 0.291419 0.191468 0.291667 0.191468
0 0.153274 0.189484 0.153026 0.189815 0.152778 0.189815 0.152530 0.190146 0.152530 0.190807 0.152778 0.190807 0.153026 0.191138 0.153274 0.191138 0.153522 0.190807 0.153770 0.190807 0.153770 0.189815 0.153522 0.189815
0 0.263889 0.190476 0.264385 0.191468 0.265129 0.190146 0.265873 0.190146 0.267113 0.191468 0.268105 0.190807 0.269097 0.192130 0.271577 0.191799 0.272073 0.192460 0.270585 0.193783 0.267361 0.193783 0.266617 0.192791 0.265873 0.193452 0.263889 0.193122 0.263889 0.195437 0.265873 0.195106 0.266617 0.196098 0.266121 0.197090 0.263889 0.198082 0.264385 0.199405 0.265873 0.199735 0.265625 0.200728 0.263889 0.201058 0.264633 0.202381 0.267113 0.202381 0.268105 0.203042 0.269097 0.202381 0.269841 0.203042 0.270585 0.202381 0.271329 0.203373 0.270833 0.203704 0.271329 0.204696 0.272817 0.204034 0.273065 0.203042 0.276538 0.202381 0.277282 0.203704 0.278522 0.201389 0.279266 0.202381 0.280010 0.201720 0.282738 0.202712 0.281994 0.203704 0.279514 0.203373 0.279018 0.203704 0.279514 0.204696 0.281498 0.205026 0.283234 0.204034 0.285962 0.204034 0.286706 0.205026 0.288194 0.204365 0.287946 0.203042 0.289435 0.202050 0.289435 0.201389 0.288442 0.201389 0.287450 0.200066 0.285466 0.200397 0.284226 0.199405 0.285466 0.198082 0.284722 0.196759 0.284722 0.195437 0.285962 0.195106 0.285962 0.194444 0.283730 0.192791 0.281002 0.192791 0.280506 0.191799 0.281002 0.190476 0.281746 0.190476 0.281250 0.189484 0.280506 0.190807 0.278522 0.191138 0.278274 0.193122 0.276290 0.193452 0.276786 0.194444 0.277778 0.194114 0.279266 0.195106 0.281250 0.194775 0.282738 0.196098 0.281746 0.197421 0.279514 0.197751 0.275546 0.197090 0.273810 0.195767 0.274306 0.195106 0.275794 0.195106 0.275794 0.193783 0.274306 0.192460 0.275794 0.191799 0.275298 0.190807 0.273562 0.191468 0.272569 0.190146 0.271825 0.190476 0.271081 0.189815 0.269097 0.190476 0.268353 0.189484 0.267113 0.190146 0.266369 0.189153 0.265625 0.189484 0.264881 0.188823
0 0.161706 0.188823 0.161458 0.189153 0.161210 0.189153 0.161210 0.189815 0.161458 0.189815 0.161706 0.190146 0.161954 0.189815 0.162202 0.189815 0.162202 0.189153 0.161954 0.189153
0 0.157242 0.188823 0.156994 0.189153 0.156746 0.189153 0.156746 0.189815 0.156994 0.189815 0.157242 0.190146 0.157490 0.189815 0.157738 0.189815 0.157738 0.189153 0.157490 0.189153
0 0.155506 0.188823 0.155258 0.189153 0.155010 0.189153 0.155010 0.189815 0.155258 0.190146 0.155258 0.190476 0.155506 0.190476 0.155754 0.190807 0.156002 0.190476 0.156250 0.190476 0.156250 0.189815 0.156002 0.189484 0.156002 0.189153 0.155754 0.189153
0 0.055308 0.133267 0.054812 0.132937 0.053571 0.133929 0.053323 0.133598 0.051587 0.135251 0.049851 0.135913 0.049851 0.136574 0.048115 0.138558 0.046627 0.139220 0.044395 0.141865 0.043899 0.141534 0.040923 0.144180 0.039931 0.144180 0.037202 0.145503 0.035962 0.145503 0.033234 0.146825 0.030010 0.149802 0.029018 0.152778 0.025546 0.157407 0.024802 0.161045 0.022321 0.166005 0.022321 0.175265 0.021577 0.182209 0.022817 0.182540 0.024058 0.180556 0.024058 0.177249 0.024554 0.175926 0.024306 0.168320 0.024802 0.166005 0.026538 0.163690 0.027530 0.159722 0.028522 0.157738 0.029514 0.157077 0.031250 0.154762 0.031994 0.151786 0.035466 0.149140 0.037698 0.148148 0.037946 0.147487 0.039187 0.147487 0.041171 0.146164 0.041667 0.146495 0.042659 0.145503 0.045883 0.143849 0.047867 0.141534 0.050347 0.139881 0.051091 0.138889 0.051835 0.139550 0.052331 0.139220 0.053075 0.136905 0.055308 0.134590
0 0.295635 0.056548 0.286210 0.076720 0.276538 0.111442 0.276786 0.120701 0.288690 0.163029 0.278274 0.165013 0.277778 0.185185 0.258433 0.185185 0.254216 0.190146 0.249256 0.205688 0.245040 0.210317 0.244792 0.228505 0.230159 0.230159 0.226687 0.249339 0.216270 0.253307 0.212054 0.269841 0.197173 0.272817 0.195685 0.291667 0.181300 0.293320 0.178571 0.296296 0.197421 0.292989 0.199653 0.273479 0.213542 0.271825 0.217510 0.256283 0.225942 0.252646 0.222718 0.262235 0.224206 0.264550 0.228423 0.254299 0.231895 0.233135 0.245784 0.231481 0.253968 0.250992 0.253968 0.270503 0.260913 0.275132 0.262153 0.291667 0.267113 0.296296 0.264385 0.290344 0.262649 0.273479 0.256448 0.270172 0.256448 0.252315 0.250000 0.230820 0.247024 0.228175 0.247520 0.209656 0.252728 0.205357 0.258185 0.188492 0.278770 0.187500 0.280754 0.182540 0.280754 0.166667 0.295635 0.165675 0.291419 0.163029 0.279018 0.117063 0.279762 0.107474
0 0.036210 0.015542 0.036954 0.038690 0.058532 0.081349 0.068700 0.111772 0.068452 0.122685 0.089038 0.125992 0.100446 0.147817 0.099454 0.185185 0.103423 0.172288 0.102927 0.148810 0.117808 0.145172 0.119296 0.126323 0.156994 0.123677 0.165179 0.149471 0.164931 0.162037 0.149058 0.165675 0.145337 0.186177 0.150546 0.179233 0.151042 0.168651 0.167659 0.166997 0.167907 0.230820 0.172123 0.250661 0.165427 0.272817 0.164435 0.294643 0.166667 0.296296 0.167907 0.271164 0.174107 0.250992 0.170139 0.229828 0.171131 0.168981 0.159474 0.124339 0.167411 0.122024 0.166667 0.105159 0.162202 0.098545 0.166171 0.000000 0.162450 0.012897 0.163194 0.078042 0.160218 0.091270 0.165179 0.121362 0.117808 0.123347 0.116319 0.142526 0.101935 0.145503 0.090278 0.123347 0.070437 0.121693 0.070933 0.110450 0.065476 0.092262 0.039187 0.038360